board 원본
0 0 0 	0 0 0 	0 1 0 	0 1 0 	0 1 0 	0 1 0 	0 0 0 	
0 1 1 	1 1 1 	0 1 0 	0 1 0 	1 1 0 	0 1 0 	1 4 0 	
0 1 0 	0 1 0 	0 1 0 	0 1 0 	0 0 0 	0 1 0 	0 1 0 	

0 0 0 	0 0 0 	0 1 0 	0 1 0 	0 1 0 	0 1 0 	0 0 0 	
1 1 1 	0 1 1 	1 3 1 	0 1 0 	1 5 1 	0 5 1 	0 1 1 	
0 0 0 	0 1 0 	0 0 0 	0 1 0 	0 0 0 	0 0 0 	0 1 0 	

0 1 0 	0 0 0 	0 1 0 	0 0 0 	0 0 0 	0 1 0 	0 0 0 	
0 1 0 	1 3 1 	1 5 0 	1 1 1 	1 5 0 	1 1 0 	1 1 0 	
0 1 0 	0 0 0 	0 0 0 	0 0 0 	0 1 0 	0 0 0 	0 1 0 	

0 1 0 	0 0 0 	0 1 0 	0 0 0 	0 0 0 	0 0 0 	0 0 0 	
1 1 1 	1 1 1 	0 1 0 	1 1 1 	0 1 1 	1 1 1 	1 1 1 	
0 0 0 	0 1 0 	0 1 0 	0 0 0 	0 1 0 	0 1 0 	0 0 0 	

0 1 0 	0 0 0 	0 0 0 	0 1 0 	0 1 0 	0 1 0 	0 0 0 	
1 1 0 	1 1 1 	0 1 1 	0 1 0 	0 1 0 	0 1 1 	1 1 0 	
0 0 0 	0 0 0 	0 1 0 	0 1 0 	0 1 0 	0 1 0 	0 1 0 	

0 1 0 	0 1 0 	0 1 0 	0 0 0 	0 1 0 	0 1 0 	0 1 0 	
1 1 0 	0 3 0 	0 1 1 	1 3 1 	0 1 1 	1 1 0 	1 1 0 	
0 0 0 	0 1 0 	0 0 0 	0 1 0 	0 0 0 	0 0 0 	0 0 0 	

0 1 0 	0 0 0 	0 1 0 	0 0 0 	0 1 0 	0 1 0 	0 1 0 	
0 2 1 	0 1 1 	0 1 1 	0 1 1 	1 1 0 	0 1 1 	1 1 0 	
0 0 0 	0 1 0 	0 0 0 	0 1 0 	0 0 0 	0 0 0 	0 0 0 	

# # # # # # #   # #   # #   # #   # # # # 
#           #   # #   #     # #   #   B # 
#   # #   # #   # #   # # # # #   # #   # 
# # # # # # #   # #   # #   # #   # # # # 
      #       a   #   #   b   # b   #     
# # # #   # # # # #   # # # # # # # #   # 
#   # # # # #   # # # # # # # #   # # # # 
#   #   a     b #         b #     #     # 
#   # # # # # # # # # # #   # # # # #   # 
#   # # # # #   # # # # # # # # # # # # # 
            #   #       #                 
# # # #   # #   # # # # #   # #   # # # # 
#   # # # # # # # #   # #   # #   # # # # 
    #       #     #   # #   # #         # 
# # # # # # #   # #   # #   # #   # #   # 
#   # #   # #   # # # # #   # #   # #   # 
    # # a # #       a   #         #     # 
# # # #   # # # # #   # # # # # # # # # # 
#   # # # # #   # # # # #   # #   # #   # 
# A   #     #     #         # #         # 
# # # #   # # # # #   # # # # # # # # # # 

밀어넣을 타일
0 1 0 
0 1 1 
0 0 0 
tile.rotation : 3
tile.type : CORNER

DFSList : 1 2 1 
player1 reachable item : 0
DFSList : 1 4 1 
player2 reachable item : 0
0번 회전, L0에 push했을 때 경우
0 0 0 	0 0 0 	0 1 0 	0 1 0 	0 1 0 	0 1 0 	0 0 0 	
0 1 1 	1 1 1 	0 1 0 	0 1 0 	1 1 0 	0 1 0 	1 4 0 	
0 1 0 	0 1 0 	0 1 0 	0 1 0 	0 0 0 	0 1 0 	0 1 0 	

0 1 0 	0 0 0 	0 0 0 	0 1 0 	0 1 0 	0 1 0 	0 1 0 	
0 1 1 	1 1 1 	0 1 1 	1 3 1 	0 1 0 	1 5 1 	0 5 1 	
0 0 0 	0 0 0 	0 1 0 	0 0 0 	0 1 0 	0 0 0 	0 0 0 	

0 1 0 	0 0 0 	0 1 0 	0 0 0 	0 0 0 	0 1 0 	0 0 0 	
0 1 0 	1 3 1 	1 5 0 	1 1 1 	1 5 0 	1 1 0 	1 1 0 	
0 1 0 	0 0 0 	0 0 0 	0 0 0 	0 1 0 	0 0 0 	0 1 0 	

0 1 0 	0 0 0 	0 1 0 	0 0 0 	0 0 0 	0 0 0 	0 0 0 	
1 1 1 	1 1 1 	0 1 0 	1 1 1 	0 1 1 	1 1 1 	1 1 1 	
0 0 0 	0 1 0 	0 1 0 	0 0 0 	0 1 0 	0 1 0 	0 0 0 	

0 1 0 	0 0 0 	0 0 0 	0 1 0 	0 1 0 	0 1 0 	0 0 0 	
1 1 0 	1 1 1 	0 1 1 	0 1 0 	0 1 0 	0 1 1 	1 1 0 	
0 0 0 	0 0 0 	0 1 0 	0 1 0 	0 1 0 	0 1 0 	0 1 0 	

0 1 0 	0 1 0 	0 1 0 	0 0 0 	0 1 0 	0 1 0 	0 1 0 	
1 1 0 	0 3 0 	0 1 1 	1 3 1 	0 1 1 	1 1 0 	1 1 0 	
0 0 0 	0 1 0 	0 0 0 	0 1 0 	0 0 0 	0 0 0 	0 0 0 	

0 1 0 	0 0 0 	0 1 0 	0 0 0 	0 1 0 	0 1 0 	0 1 0 	
0 2 1 	0 1 1 	0 1 1 	0 1 1 	1 1 0 	0 1 1 	1 1 0 	
0 0 0 	0 1 0 	0 0 0 	0 1 0 	0 0 0 	0 0 0 	0 0 0 	

0 0 0 
0 1 1 
0 1 0 
tile.rotation : 0
tile.type : CORNER
DFSList : 1 2 1 
player1 reachable item : 0
DFSList : 1 4 1 1 5 1 
player2 reachable item : 1
0번 회전, L1에 push했을 때 경우
0 0 0 	0 0 0 	0 1 0 	0 1 0 	0 1 0 	0 1 0 	0 0 0 	
0 1 1 	1 1 1 	0 1 0 	0 1 0 	1 1 0 	0 1 0 	1 4 0 	
0 1 0 	0 1 0 	0 1 0 	0 1 0 	0 0 0 	0 1 0 	0 1 0 	

0 0 0 	0 0 0 	0 1 0 	0 1 0 	0 1 0 	0 1 0 	0 0 0 	
1 1 1 	0 1 1 	1 3 1 	0 1 0 	1 5 1 	0 5 1 	0 1 1 	
0 0 0 	0 1 0 	0 0 0 	0 1 0 	0 0 0 	0 0 0 	0 1 0 	

0 1 0 	0 0 0 	0 1 0 	0 0 0 	0 0 0 	0 1 0 	0 0 0 	
0 1 0 	1 3 1 	1 5 0 	1 1 1 	1 5 0 	1 1 0 	1 1 0 	
0 1 0 	0 0 0 	0 0 0 	0 0 0 	0 1 0 	0 0 0 	0 1 0 	

0 1 0 	0 1 0 	0 0 0 	0 1 0 	0 0 0 	0 0 0 	0 0 0 	
0 1 1 	1 1 1 	1 1 1 	0 1 0 	1 1 1 	0 1 1 	1 1 1 	
0 0 0 	0 0 0 	0 1 0 	0 1 0 	0 0 0 	0 1 0 	0 1 0 	

0 1 0 	0 0 0 	0 0 0 	0 1 0 	0 1 0 	0 1 0 	0 0 0 	
1 1 0 	1 1 1 	0 1 1 	0 1 0 	0 1 0 	0 1 1 	1 1 0 	
0 0 0 	0 0 0 	0 1 0 	0 1 0 	0 1 0 	0 1 0 	0 1 0 	

0 1 0 	0 1 0 	0 1 0 	0 0 0 	0 1 0 	0 1 0 	0 1 0 	
1 1 0 	0 3 0 	0 1 1 	1 3 1 	0 1 1 	1 1 0 	1 1 0 	
0 0 0 	0 1 0 	0 0 0 	0 1 0 	0 0 0 	0 0 0 	0 0 0 	

0 1 0 	0 0 0 	0 1 0 	0 0 0 	0 1 0 	0 1 0 	0 1 0 	
0 2 1 	0 1 1 	0 1 1 	0 1 1 	1 1 0 	0 1 1 	1 1 0 	
0 0 0 	0 1 0 	0 0 0 	0 1 0 	0 0 0 	0 0 0 	0 0 0 	

0 0 0 
1 1 1 
0 0 0 
tile.rotation : 2
tile.type : STRAIGHT
DFSList : 1 2 1 
player1 reachable item : 0
DFSList : 1 4 1 
player2 reachable item : 0
0번 회전, L2에 push했을 때 경우
0 0 0 	0 0 0 	0 1 0 	0 1 0 	0 1 0 	0 1 0 	0 0 0 	
0 1 1 	1 1 1 	0 1 0 	0 1 0 	1 1 0 	0 1 0 	1 4 0 	
0 1 0 	0 1 0 	0 1 0 	0 1 0 	0 0 0 	0 1 0 	0 1 0 	

0 0 0 	0 0 0 	0 1 0 	0 1 0 	0 1 0 	0 1 0 	0 0 0 	
1 1 1 	0 1 1 	1 3 1 	0 1 0 	1 5 1 	0 5 1 	0 1 1 	
0 0 0 	0 1 0 	0 0 0 	0 1 0 	0 0 0 	0 0 0 	0 1 0 	

0 1 0 	0 0 0 	0 1 0 	0 0 0 	0 0 0 	0 1 0 	0 0 0 	
0 1 0 	1 3 1 	1 5 0 	1 1 1 	1 5 0 	1 1 0 	1 1 0 	
0 1 0 	0 0 0 	0 0 0 	0 0 0 	0 1 0 	0 0 0 	0 1 0 	

0 1 0 	0 0 0 	0 1 0 	0 0 0 	0 0 0 	0 0 0 	0 0 0 	
1 1 1 	1 1 1 	0 1 0 	1 1 1 	0 1 1 	1 1 1 	1 1 1 	
0 0 0 	0 1 0 	0 1 0 	0 0 0 	0 1 0 	0 1 0 	0 0 0 	

0 1 0 	0 0 0 	0 0 0 	0 1 0 	0 1 0 	0 1 0 	0 0 0 	
1 1 0 	1 1 1 	0 1 1 	0 1 0 	0 1 0 	0 1 1 	1 1 0 	
0 0 0 	0 0 0 	0 1 0 	0 1 0 	0 1 0 	0 1 0 	0 1 0 	

0 1 0 	0 1 0 	0 1 0 	0 1 0 	0 0 0 	0 1 0 	0 1 0 	
0 1 1 	1 1 0 	0 3 0 	0 1 1 	1 3 1 	0 1 1 	1 1 0 	
0 0 0 	0 0 0 	0 1 0 	0 0 0 	0 1 0 	0 0 0 	0 0 0 	

0 1 0 	0 0 0 	0 1 0 	0 0 0 	0 1 0 	0 1 0 	0 1 0 	
0 2 1 	0 1 1 	0 1 1 	0 1 1 	1 1 0 	0 1 1 	1 1 0 	
0 0 0 	0 1 0 	0 0 0 	0 1 0 	0 0 0 	0 0 0 	0 0 0 	

0 1 0 
1 1 0 
0 0 0 
tile.rotation : 2
tile.type : CORNER
DFSList : 1 2 1 
player1 reachable item : 0
DFSList : 1 4 1 
player2 reachable item : 0
0번 회전, R0에 push했을 때 경우
0 0 0 	0 0 0 	0 1 0 	0 1 0 	0 1 0 	0 1 0 	0 0 0 	
0 1 1 	1 1 1 	0 1 0 	0 1 0 	1 1 0 	0 1 0 	1 4 0 	
0 1 0 	0 1 0 	0 1 0 	0 1 0 	0 0 0 	0 1 0 	0 1 0 	

0 0 0 	0 1 0 	0 1 0 	0 1 0 	0 1 0 	0 0 0 	0 1 0 	
0 1 1 	1 3 1 	0 1 0 	1 5 1 	0 5 1 	0 1 1 	0 1 1 	
0 1 0 	0 0 0 	0 1 0 	0 0 0 	0 0 0 	0 1 0 	0 0 0 	

0 1 0 	0 0 0 	0 1 0 	0 0 0 	0 0 0 	0 1 0 	0 0 0 	
0 1 0 	1 3 1 	1 5 0 	1 1 1 	1 5 0 	1 1 0 	1 1 0 	
0 1 0 	0 0 0 	0 0 0 	0 0 0 	0 1 0 	0 0 0 	0 1 0 	

0 1 0 	0 0 0 	0 1 0 	0 0 0 	0 0 0 	0 0 0 	0 0 0 	
1 1 1 	1 1 1 	0 1 0 	1 1 1 	0 1 1 	1 1 1 	1 1 1 	
0 0 0 	0 1 0 	0 1 0 	0 0 0 	0 1 0 	0 1 0 	0 0 0 	

0 1 0 	0 0 0 	0 0 0 	0 1 0 	0 1 0 	0 1 0 	0 0 0 	
1 1 0 	1 1 1 	0 1 1 	0 1 0 	0 1 0 	0 1 1 	1 1 0 	
0 0 0 	0 0 0 	0 1 0 	0 1 0 	0 1 0 	0 1 0 	0 1 0 	

0 1 0 	0 1 0 	0 1 0 	0 0 0 	0 1 0 	0 1 0 	0 1 0 	
1 1 0 	0 3 0 	0 1 1 	1 3 1 	0 1 1 	1 1 0 	1 1 0 	
0 0 0 	0 1 0 	0 0 0 	0 1 0 	0 0 0 	0 0 0 	0 0 0 	

0 1 0 	0 0 0 	0 1 0 	0 0 0 	0 1 0 	0 1 0 	0 1 0 	
0 2 1 	0 1 1 	0 1 1 	0 1 1 	1 1 0 	0 1 1 	1 1 0 	
0 0 0 	0 1 0 	0 0 0 	0 1 0 	0 0 0 	0 0 0 	0 0 0 	

0 0 0 
1 1 1 
0 0 0 
tile.rotation : 0
tile.type : STRAIGHT
DFSList : 1 2 1 
player1 reachable item : 0
DFSList : 1 4 1 1 1 1 
player2 reachable item : 0
0번 회전, R1에 push했을 때 경우
0 0 0 	0 0 0 	0 1 0 	0 1 0 	0 1 0 	0 1 0 	0 0 0 	
0 1 1 	1 1 1 	0 1 0 	0 1 0 	1 1 0 	0 1 0 	1 4 0 	
0 1 0 	0 1 0 	0 1 0 	0 1 0 	0 0 0 	0 1 0 	0 1 0 	

0 0 0 	0 0 0 	0 1 0 	0 1 0 	0 1 0 	0 1 0 	0 0 0 	
1 1 1 	0 1 1 	1 3 1 	0 1 0 	1 5 1 	0 5 1 	0 1 1 	
0 0 0 	0 1 0 	0 0 0 	0 1 0 	0 0 0 	0 0 0 	0 1 0 	

0 1 0 	0 0 0 	0 1 0 	0 0 0 	0 0 0 	0 1 0 	0 0 0 	
0 1 0 	1 3 1 	1 5 0 	1 1 1 	1 5 0 	1 1 0 	1 1 0 	
0 1 0 	0 0 0 	0 0 0 	0 0 0 	0 1 0 	0 0 0 	0 1 0 	

0 0 0 	0 1 0 	0 0 0 	0 0 0 	0 0 0 	0 0 0 	0 1 0 	
1 1 1 	0 1 0 	1 1 1 	0 1 1 	1 1 1 	1 1 1 	0 1 1 	
0 1 0 	0 1 0 	0 0 0 	0 1 0 	0 1 0 	0 0 0 	0 0 0 	

0 1 0 	0 0 0 	0 0 0 	0 1 0 	0 1 0 	0 1 0 	0 0 0 	
1 1 0 	1 1 1 	0 1 1 	0 1 0 	0 1 0 	0 1 1 	1 1 0 	
0 0 0 	0 0 0 	0 1 0 	0 1 0 	0 1 0 	0 1 0 	0 1 0 	

0 1 0 	0 1 0 	0 1 0 	0 0 0 	0 1 0 	0 1 0 	0 1 0 	
1 1 0 	0 3 0 	0 1 1 	1 3 1 	0 1 1 	1 1 0 	1 1 0 	
0 0 0 	0 1 0 	0 0 0 	0 1 0 	0 0 0 	0 0 0 	0 0 0 	

0 1 0 	0 0 0 	0 1 0 	0 0 0 	0 1 0 	0 1 0 	0 1 0 	
0 2 1 	0 1 1 	0 1 1 	0 1 1 	1 1 0 	0 1 1 	1 1 0 	
0 0 0 	0 1 0 	0 0 0 	0 1 0 	0 0 0 	0 0 0 	0 0 0 	

0 1 0 
1 1 1 
0 0 0 
tile.rotation : 1
tile.type : HALFCROSS
DFSList : 1 2 1 
player1 reachable item : 0
DFSList : 1 4 1 
player2 reachable item : 0
0번 회전, R2에 push했을 때 경우
0 0 0 	0 0 0 	0 1 0 	0 1 0 	0 1 0 	0 1 0 	0 0 0 	
0 1 1 	1 1 1 	0 1 0 	0 1 0 	1 1 0 	0 1 0 	1 4 0 	
0 1 0 	0 1 0 	0 1 0 	0 1 0 	0 0 0 	0 1 0 	0 1 0 	

0 0 0 	0 0 0 	0 1 0 	0 1 0 	0 1 0 	0 1 0 	0 0 0 	
1 1 1 	0 1 1 	1 3 1 	0 1 0 	1 5 1 	0 5 1 	0 1 1 	
0 0 0 	0 1 0 	0 0 0 	0 1 0 	0 0 0 	0 0 0 	0 1 0 	

0 1 0 	0 0 0 	0 1 0 	0 0 0 	0 0 0 	0 1 0 	0 0 0 	
0 1 0 	1 3 1 	1 5 0 	1 1 1 	1 5 0 	1 1 0 	1 1 0 	
0 1 0 	0 0 0 	0 0 0 	0 0 0 	0 1 0 	0 0 0 	0 1 0 	

0 1 0 	0 0 0 	0 1 0 	0 0 0 	0 0 0 	0 0 0 	0 0 0 	
1 1 1 	1 1 1 	0 1 0 	1 1 1 	0 1 1 	1 1 1 	1 1 1 	
0 0 0 	0 1 0 	0 1 0 	0 0 0 	0 1 0 	0 1 0 	0 0 0 	

0 1 0 	0 0 0 	0 0 0 	0 1 0 	0 1 0 	0 1 0 	0 0 0 	
1 1 0 	1 1 1 	0 1 1 	0 1 0 	0 1 0 	0 1 1 	1 1 0 	
0 0 0 	0 0 0 	0 1 0 	0 1 0 	0 1 0 	0 1 0 	0 1 0 	

0 1 0 	0 1 0 	0 0 0 	0 1 0 	0 1 0 	0 1 0 	0 1 0 	
0 3 0 	0 1 1 	1 3 1 	0 1 1 	1 1 0 	1 1 0 	0 1 1 	
0 1 0 	0 0 0 	0 1 0 	0 0 0 	0 0 0 	0 0 0 	0 0 0 	

0 1 0 	0 0 0 	0 1 0 	0 0 0 	0 1 0 	0 1 0 	0 1 0 	
0 2 1 	0 1 1 	0 1 1 	0 1 1 	1 1 0 	0 1 1 	1 1 0 	
0 0 0 	0 1 0 	0 0 0 	0 1 0 	0 0 0 	0 0 0 	0 0 0 	

0 1 0 
1 1 0 
0 0 0 
tile.rotation : 2
tile.type : CORNER
DFSList : 1 1 3 1 2 1 
player1 reachable item : 1
DFSList : 1 4 1 
player2 reachable item : 0
0번 회전, T0에 push했을 때 경우
0 0 0 	0 1 0 	0 1 0 	0 1 0 	0 1 0 	0 1 0 	0 0 0 	
0 1 1 	0 1 1 	0 1 0 	0 1 0 	1 1 0 	0 1 0 	1 4 0 	
0 1 0 	0 0 0 	0 1 0 	0 1 0 	0 0 0 	0 1 0 	0 1 0 	

0 0 0 	0 0 0 	0 1 0 	0 1 0 	0 1 0 	0 1 0 	0 0 0 	
1 1 1 	1 1 1 	1 3 1 	0 1 0 	1 5 1 	0 5 1 	0 1 1 	
0 0 0 	0 1 0 	0 0 0 	0 1 0 	0 0 0 	0 0 0 	0 1 0 	

0 1 0 	0 0 0 	0 1 0 	0 0 0 	0 0 0 	0 1 0 	0 0 0 	
0 1 0 	0 1 1 	1 5 0 	1 1 1 	1 5 0 	1 1 0 	1 1 0 	
0 1 0 	0 1 0 	0 0 0 	0 0 0 	0 1 0 	0 0 0 	0 1 0 	

0 1 0 	0 0 0 	0 1 0 	0 0 0 	0 0 0 	0 0 0 	0 0 0 	
1 1 1 	1 3 1 	0 1 0 	1 1 1 	0 1 1 	1 1 1 	1 1 1 	
0 0 0 	0 0 0 	0 1 0 	0 0 0 	0 1 0 	0 1 0 	0 0 0 	

0 1 0 	0 0 0 	0 0 0 	0 1 0 	0 1 0 	0 1 0 	0 0 0 	
1 1 0 	1 1 1 	0 1 1 	0 1 0 	0 1 0 	0 1 1 	1 1 0 	
0 0 0 	0 1 0 	0 1 0 	0 1 0 	0 1 0 	0 1 0 	0 1 0 	

0 1 0 	0 0 0 	0 1 0 	0 0 0 	0 1 0 	0 1 0 	0 1 0 	
1 1 0 	1 1 1 	0 1 1 	1 3 1 	0 1 1 	1 1 0 	1 1 0 	
0 0 0 	0 0 0 	0 0 0 	0 1 0 	0 0 0 	0 0 0 	0 0 0 	

0 1 0 	0 1 0 	0 1 0 	0 0 0 	0 1 0 	0 1 0 	0 1 0 	
0 2 1 	0 3 0 	0 1 1 	0 1 1 	1 1 0 	0 1 1 	1 1 0 	
0 0 0 	0 1 0 	0 0 0 	0 1 0 	0 0 0 	0 0 0 	0 0 0 	

0 0 0 
0 1 1 
0 1 0 
tile.rotation : 0
tile.type : CORNER
DFSList : 1 2 1 
player1 reachable item : 0
DFSList : 1 4 1 
player2 reachable item : 0
0번 회전, T1에 push했을 때 경우
0 0 0 	0 0 0 	0 1 0 	0 1 0 	0 1 0 	0 1 0 	0 0 0 	
0 1 1 	1 1 1 	0 1 0 	0 1 1 	1 1 0 	0 1 0 	1 4 0 	
0 1 0 	0 1 0 	0 1 0 	0 0 0 	0 0 0 	0 1 0 	0 1 0 	

0 0 0 	0 0 0 	0 1 0 	0 1 0 	0 1 0 	0 1 0 	0 0 0 	
1 1 1 	0 1 1 	1 3 1 	0 1 0 	1 5 1 	0 5 1 	0 1 1 	
0 0 0 	0 1 0 	0 0 0 	0 1 0 	0 0 0 	0 0 0 	0 1 0 	

0 1 0 	0 0 0 	0 1 0 	0 1 0 	0 0 0 	0 1 0 	0 0 0 	
0 1 0 	1 3 1 	1 5 0 	0 1 0 	1 5 0 	1 1 0 	1 1 0 	
0 1 0 	0 0 0 	0 0 0 	0 1 0 	0 1 0 	0 0 0 	0 1 0 	

0 1 0 	0 0 0 	0 1 0 	0 0 0 	0 0 0 	0 0 0 	0 0 0 	
1 1 1 	1 1 1 	0 1 0 	1 1 1 	0 1 1 	1 1 1 	1 1 1 	
0 0 0 	0 1 0 	0 1 0 	0 0 0 	0 1 0 	0 1 0 	0 0 0 	

0 1 0 	0 0 0 	0 0 0 	0 0 0 	0 1 0 	0 1 0 	0 0 0 	
1 1 0 	1 1 1 	0 1 1 	1 1 1 	0 1 0 	0 1 1 	1 1 0 	
0 0 0 	0 0 0 	0 1 0 	0 0 0 	0 1 0 	0 1 0 	0 1 0 	

0 1 0 	0 1 0 	0 1 0 	0 1 0 	0 1 0 	0 1 0 	0 1 0 	
1 1 0 	0 3 0 	0 1 1 	0 1 0 	0 1 1 	1 1 0 	1 1 0 	
0 0 0 	0 1 0 	0 0 0 	0 1 0 	0 0 0 	0 0 0 	0 0 0 	

0 1 0 	0 0 0 	0 1 0 	0 0 0 	0 1 0 	0 1 0 	0 1 0 	
0 2 1 	0 1 1 	0 1 1 	1 3 1 	1 1 0 	0 1 1 	1 1 0 	
0 0 0 	0 1 0 	0 0 0 	0 1 0 	0 0 0 	0 0 0 	0 0 0 	

0 0 0 
0 1 1 
0 1 0 
tile.rotation : 0
tile.type : CORNER
DFSList : 1 2 1 
player1 reachable item : 0
DFSList : 1 4 1 
player2 reachable item : 0
0번 회전, T2에 push했을 때 경우
0 0 0 	0 0 0 	0 1 0 	0 1 0 	0 1 0 	0 1 0 	0 0 0 	
0 1 1 	1 1 1 	0 1 0 	0 1 0 	1 1 0 	0 1 1 	1 4 0 	
0 1 0 	0 1 0 	0 1 0 	0 1 0 	0 0 0 	0 0 0 	0 1 0 	

0 0 0 	0 0 0 	0 1 0 	0 1 0 	0 1 0 	0 1 0 	0 0 0 	
1 1 1 	0 1 1 	1 3 1 	0 1 0 	1 5 1 	0 1 0 	0 1 1 	
0 0 0 	0 1 0 	0 0 0 	0 1 0 	0 0 0 	0 1 0 	0 1 0 	

0 1 0 	0 0 0 	0 1 0 	0 0 0 	0 0 0 	0 1 0 	0 0 0 	
0 1 0 	1 3 1 	1 5 0 	1 1 1 	1 5 0 	0 5 1 	1 1 0 	
0 1 0 	0 0 0 	0 0 0 	0 0 0 	0 1 0 	0 0 0 	0 1 0 	

0 1 0 	0 0 0 	0 1 0 	0 0 0 	0 0 0 	0 1 0 	0 0 0 	
1 1 1 	1 1 1 	0 1 0 	1 1 1 	0 1 1 	1 1 0 	1 1 1 	
0 0 0 	0 1 0 	0 1 0 	0 0 0 	0 1 0 	0 0 0 	0 0 0 	

0 1 0 	0 0 0 	0 0 0 	0 1 0 	0 1 0 	0 0 0 	0 0 0 	
1 1 0 	1 1 1 	0 1 1 	0 1 0 	0 1 0 	1 1 1 	1 1 0 	
0 0 0 	0 0 0 	0 1 0 	0 1 0 	0 1 0 	0 1 0 	0 1 0 	

0 1 0 	0 1 0 	0 1 0 	0 0 0 	0 1 0 	0 1 0 	0 1 0 	
1 1 0 	0 3 0 	0 1 1 	1 3 1 	0 1 1 	0 1 1 	1 1 0 	
0 0 0 	0 1 0 	0 0 0 	0 1 0 	0 0 0 	0 1 0 	0 0 0 	

0 1 0 	0 0 0 	0 1 0 	0 0 0 	0 1 0 	0 1 0 	0 1 0 	
0 2 1 	0 1 1 	0 1 1 	0 1 1 	1 1 0 	1 1 0 	1 1 0 	
0 0 0 	0 1 0 	0 0 0 	0 1 0 	0 0 0 	0 0 0 	0 0 0 	

0 1 0 
0 1 1 
0 0 0 
tile.rotation : 3
tile.type : CORNER
DFSList : 1 2 1 
player1 reachable item : 0
DFSList : 1 1 1 1 4 1 
player2 reachable item : 0
0번 회전, B0에 push했을 때 경우
0 0 0 	0 0 0 	0 1 0 	0 1 0 	0 1 0 	0 1 0 	0 0 0 	
0 1 1 	0 1 1 	0 1 0 	0 1 0 	1 1 0 	0 1 0 	1 4 0 	
0 1 0 	0 1 0 	0 1 0 	0 1 0 	0 0 0 	0 1 0 	0 1 0 	

0 0 0 	0 0 0 	0 1 0 	0 1 0 	0 1 0 	0 1 0 	0 0 0 	
1 1 1 	1 3 1 	1 3 1 	0 1 0 	1 5 1 	0 5 1 	0 1 1 	
0 0 0 	0 0 0 	0 0 0 	0 1 0 	0 0 0 	0 0 0 	0 1 0 	

0 1 0 	0 0 0 	0 1 0 	0 0 0 	0 0 0 	0 1 0 	0 0 0 	
0 1 0 	1 1 1 	1 5 0 	1 1 1 	1 5 0 	1 1 0 	1 1 0 	
0 1 0 	0 1 0 	0 0 0 	0 0 0 	0 1 0 	0 0 0 	0 1 0 	

0 1 0 	0 0 0 	0 1 0 	0 0 0 	0 0 0 	0 0 0 	0 0 0 	
1 1 1 	1 1 1 	0 1 0 	1 1 1 	0 1 1 	1 1 1 	1 1 1 	
0 0 0 	0 0 0 	0 1 0 	0 0 0 	0 1 0 	0 1 0 	0 0 0 	

0 1 0 	0 1 0 	0 0 0 	0 1 0 	0 1 0 	0 1 0 	0 0 0 	
1 1 0 	0 3 0 	0 1 1 	0 1 0 	0 1 0 	0 1 1 	1 1 0 	
0 0 0 	0 1 0 	0 1 0 	0 1 0 	0 1 0 	0 1 0 	0 1 0 	

0 1 0 	0 0 0 	0 1 0 	0 0 0 	0 1 0 	0 1 0 	0 1 0 	
1 1 0 	0 1 1 	0 1 1 	1 3 1 	0 1 1 	1 1 0 	1 1 0 	
0 0 0 	0 1 0 	0 0 0 	0 1 0 	0 0 0 	0 0 0 	0 0 0 	

0 1 0 	0 1 0 	0 1 0 	0 0 0 	0 1 0 	0 1 0 	0 1 0 	
0 2 1 	0 1 1 	0 1 1 	0 1 1 	1 1 0 	0 1 1 	1 1 0 	
0 0 0 	0 0 0 	0 0 0 	0 1 0 	0 0 0 	0 0 0 	0 0 0 	

0 0 0 
1 1 1 
0 1 0 
tile.rotation : 3
tile.type : HALFCROSS
DFSList : 1 2 1 
player1 reachable item : 0
DFSList : 1 4 1 
player2 reachable item : 0
0번 회전, B1에 push했을 때 경우
0 0 0 	0 0 0 	0 1 0 	0 1 0 	0 1 0 	0 1 0 	0 0 0 	
0 1 1 	1 1 1 	0 1 0 	0 1 0 	1 1 0 	0 1 0 	1 4 0 	
0 1 0 	0 1 0 	0 1 0 	0 1 0 	0 0 0 	0 1 0 	0 1 0 	

0 0 0 	0 0 0 	0 1 0 	0 0 0 	0 1 0 	0 1 0 	0 0 0 	
1 1 1 	0 1 1 	1 3 1 	1 1 1 	1 5 1 	0 5 1 	0 1 1 	
0 0 0 	0 1 0 	0 0 0 	0 0 0 	0 0 0 	0 0 0 	0 1 0 	

0 1 0 	0 0 0 	0 1 0 	0 0 0 	0 0 0 	0 1 0 	0 0 0 	
0 1 0 	1 3 1 	1 5 0 	1 1 1 	1 5 0 	1 1 0 	1 1 0 	
0 1 0 	0 0 0 	0 0 0 	0 0 0 	0 1 0 	0 0 0 	0 1 0 	

0 1 0 	0 0 0 	0 1 0 	0 1 0 	0 0 0 	0 0 0 	0 0 0 	
1 1 1 	1 1 1 	0 1 0 	0 1 0 	0 1 1 	1 1 1 	1 1 1 	
0 0 0 	0 1 0 	0 1 0 	0 1 0 	0 1 0 	0 1 0 	0 0 0 	

0 1 0 	0 0 0 	0 0 0 	0 0 0 	0 1 0 	0 1 0 	0 0 0 	
1 1 0 	1 1 1 	0 1 1 	1 3 1 	0 1 0 	0 1 1 	1 1 0 	
0 0 0 	0 0 0 	0 1 0 	0 1 0 	0 1 0 	0 1 0 	0 1 0 	

0 1 0 	0 1 0 	0 1 0 	0 0 0 	0 1 0 	0 1 0 	0 1 0 	
1 1 0 	0 3 0 	0 1 1 	0 1 1 	0 1 1 	1 1 0 	1 1 0 	
0 0 0 	0 1 0 	0 0 0 	0 1 0 	0 0 0 	0 0 0 	0 0 0 	

0 1 0 	0 0 0 	0 1 0 	0 1 0 	0 1 0 	0 1 0 	0 1 0 	
0 2 1 	0 1 1 	0 1 1 	0 1 1 	1 1 0 	0 1 1 	1 1 0 	
0 0 0 	0 1 0 	0 0 0 	0 0 0 	0 0 0 	0 0 0 	0 0 0 	

0 1 0 
0 1 0 
0 1 0 
tile.rotation : 1
tile.type : STRAIGHT
DFSList : 1 2 1 
player1 reachable item : 0
DFSList : 1 4 1 
player2 reachable item : 0
0번 회전, B2에 push했을 때 경우
0 0 0 	0 0 0 	0 1 0 	0 1 0 	0 1 0 	0 1 0 	0 0 0 	
0 1 1 	1 1 1 	0 1 0 	0 1 0 	1 1 0 	0 5 1 	1 4 0 	
0 1 0 	0 1 0 	0 1 0 	0 1 0 	0 0 0 	0 0 0 	0 1 0 	

0 0 0 	0 0 0 	0 1 0 	0 1 0 	0 1 0 	0 1 0 	0 0 0 	
1 1 1 	0 1 1 	1 3 1 	0 1 0 	1 5 1 	1 1 0 	0 1 1 	
0 0 0 	0 1 0 	0 0 0 	0 1 0 	0 0 0 	0 0 0 	0 1 0 	

0 1 0 	0 0 0 	0 1 0 	0 0 0 	0 0 0 	0 0 0 	0 0 0 	
0 1 0 	1 3 1 	1 5 0 	1 1 1 	1 5 0 	1 1 1 	1 1 0 	
0 1 0 	0 0 0 	0 0 0 	0 0 0 	0 1 0 	0 1 0 	0 1 0 	

0 1 0 	0 0 0 	0 1 0 	0 0 0 	0 0 0 	0 1 0 	0 0 0 	
1 1 1 	1 1 1 	0 1 0 	1 1 1 	0 1 1 	0 1 1 	1 1 1 	
0 0 0 	0 1 0 	0 1 0 	0 0 0 	0 1 0 	0 1 0 	0 0 0 	

0 1 0 	0 0 0 	0 0 0 	0 1 0 	0 1 0 	0 1 0 	0 0 0 	
1 1 0 	1 1 1 	0 1 1 	0 1 0 	0 1 0 	1 1 0 	1 1 0 	
0 0 0 	0 0 0 	0 1 0 	0 1 0 	0 1 0 	0 0 0 	0 1 0 	

0 1 0 	0 1 0 	0 1 0 	0 0 0 	0 1 0 	0 1 0 	0 1 0 	
1 1 0 	0 3 0 	0 1 1 	1 3 1 	0 1 1 	0 1 1 	1 1 0 	
0 0 0 	0 1 0 	0 0 0 	0 1 0 	0 0 0 	0 0 0 	0 0 0 	

0 1 0 	0 0 0 	0 1 0 	0 0 0 	0 1 0 	0 1 0 	0 1 0 	
0 2 1 	0 1 1 	0 1 1 	0 1 1 	1 1 0 	0 1 1 	1 1 0 	
0 0 0 	0 1 0 	0 0 0 	0 1 0 	0 0 0 	0 0 0 	0 0 0 	

0 1 0 
0 1 0 
0 1 0 
tile.rotation : 1
tile.type : STRAIGHT
DFSList : 1 2 1 
player1 reachable item : 0
DFSList : 1 1 1 5 4 1 
player2 reachable item : 1
1번 회전, L0에 push했을 때 경우
0 0 0 	0 0 0 	0 1 0 	0 1 0 	0 1 0 	0 1 0 	0 0 0 	
0 1 1 	1 1 1 	0 1 0 	0 1 0 	1 1 0 	0 1 0 	1 4 0 	
0 1 0 	0 1 0 	0 1 0 	0 1 0 	0 0 0 	0 1 0 	0 1 0 	

0 0 0 	0 0 0 	0 0 0 	0 1 0 	0 1 0 	0 1 0 	0 1 0 	
0 1 1 	1 1 1 	0 1 1 	1 3 1 	0 1 0 	1 5 1 	0 5 1 	
0 1 0 	0 0 0 	0 1 0 	0 0 0 	0 1 0 	0 0 0 	0 0 0 	

0 1 0 	0 0 0 	0 1 0 	0 0 0 	0 0 0 	0 1 0 	0 0 0 	
0 1 0 	1 3 1 	1 5 0 	1 1 1 	1 5 0 	1 1 0 	1 1 0 	
0 1 0 	0 0 0 	0 0 0 	0 0 0 	0 1 0 	0 0 0 	0 1 0 	

0 1 0 	0 0 0 	0 1 0 	0 0 0 	0 0 0 	0 0 0 	0 0 0 	
1 1 1 	1 1 1 	0 1 0 	1 1 1 	0 1 1 	1 1 1 	1 1 1 	
0 0 0 	0 1 0 	0 1 0 	0 0 0 	0 1 0 	0 1 0 	0 0 0 	

0 1 0 	0 0 0 	0 0 0 	0 1 0 	0 1 0 	0 1 0 	0 0 0 	
1 1 0 	1 1 1 	0 1 1 	0 1 0 	0 1 0 	0 1 1 	1 1 0 	
0 0 0 	0 0 0 	0 1 0 	0 1 0 	0 1 0 	0 1 0 	0 1 0 	

0 1 0 	0 1 0 	0 1 0 	0 0 0 	0 1 0 	0 1 0 	0 1 0 	
1 1 0 	0 3 0 	0 1 1 	1 3 1 	0 1 1 	1 1 0 	1 1 0 	
0 0 0 	0 1 0 	0 0 0 	0 1 0 	0 0 0 	0 0 0 	0 0 0 	

0 1 0 	0 0 0 	0 1 0 	0 0 0 	0 1 0 	0 1 0 	0 1 0 	
0 2 1 	0 1 1 	0 1 1 	0 1 1 	1 1 0 	0 1 1 	1 1 0 	
0 0 0 	0 1 0 	0 0 0 	0 1 0 	0 0 0 	0 0 0 	0 0 0 	

0 0 0 
0 1 1 
0 1 0 
tile.rotation : 0
tile.type : CORNER
DFSList : 1 2 1 
player1 reachable item : 0
DFSList : 1 4 1 1 5 1 
player2 reachable item : 1
1번 회전, L1에 push했을 때 경우
0 0 0 	0 0 0 	0 1 0 	0 1 0 	0 1 0 	0 1 0 	0 0 0 	
0 1 1 	1 1 1 	0 1 0 	0 1 0 	1 1 0 	0 1 0 	1 4 0 	
0 1 0 	0 1 0 	0 1 0 	0 1 0 	0 0 0 	0 1 0 	0 1 0 	

0 0 0 	0 0 0 	0 1 0 	0 1 0 	0 1 0 	0 1 0 	0 0 0 	
1 1 1 	0 1 1 	1 3 1 	0 1 0 	1 5 1 	0 5 1 	0 1 1 	
0 0 0 	0 1 0 	0 0 0 	0 1 0 	0 0 0 	0 0 0 	0 1 0 	

0 1 0 	0 0 0 	0 1 0 	0 0 0 	0 0 0 	0 1 0 	0 0 0 	
0 1 0 	1 3 1 	1 5 0 	1 1 1 	1 5 0 	1 1 0 	1 1 0 	
0 1 0 	0 0 0 	0 0 0 	0 0 0 	0 1 0 	0 0 0 	0 1 0 	

0 0 0 	0 1 0 	0 0 0 	0 1 0 	0 0 0 	0 0 0 	0 0 0 	
0 1 1 	1 1 1 	1 1 1 	0 1 0 	1 1 1 	0 1 1 	1 1 1 	
0 1 0 	0 0 0 	0 1 0 	0 1 0 	0 0 0 	0 1 0 	0 1 0 	

0 1 0 	0 0 0 	0 0 0 	0 1 0 	0 1 0 	0 1 0 	0 0 0 	
1 1 0 	1 1 1 	0 1 1 	0 1 0 	0 1 0 	0 1 1 	1 1 0 	
0 0 0 	0 0 0 	0 1 0 	0 1 0 	0 1 0 	0 1 0 	0 1 0 	

0 1 0 	0 1 0 	0 1 0 	0 0 0 	0 1 0 	0 1 0 	0 1 0 	
1 1 0 	0 3 0 	0 1 1 	1 3 1 	0 1 1 	1 1 0 	1 1 0 	
0 0 0 	0 1 0 	0 0 0 	0 1 0 	0 0 0 	0 0 0 	0 0 0 	

0 1 0 	0 0 0 	0 1 0 	0 0 0 	0 1 0 	0 1 0 	0 1 0 	
0 2 1 	0 1 1 	0 1 1 	0 1 1 	1 1 0 	0 1 1 	1 1 0 	
0 0 0 	0 1 0 	0 0 0 	0 1 0 	0 0 0 	0 0 0 	0 0 0 	

0 0 0 
1 1 1 
0 0 0 
tile.rotation : 2
tile.type : STRAIGHT
DFSList : 1 2 1 
player1 reachable item : 0
DFSList : 1 4 1 
player2 reachable item : 0
1번 회전, L2에 push했을 때 경우
0 0 0 	0 0 0 	0 1 0 	0 1 0 	0 1 0 	0 1 0 	0 0 0 	
0 1 1 	1 1 1 	0 1 0 	0 1 0 	1 1 0 	0 1 0 	1 4 0 	
0 1 0 	0 1 0 	0 1 0 	0 1 0 	0 0 0 	0 1 0 	0 1 0 	

0 0 0 	0 0 0 	0 1 0 	0 1 0 	0 1 0 	0 1 0 	0 0 0 	
1 1 1 	0 1 1 	1 3 1 	0 1 0 	1 5 1 	0 5 1 	0 1 1 	
0 0 0 	0 1 0 	0 0 0 	0 1 0 	0 0 0 	0 0 0 	0 1 0 	

0 1 0 	0 0 0 	0 1 0 	0 0 0 	0 0 0 	0 1 0 	0 0 0 	
0 1 0 	1 3 1 	1 5 0 	1 1 1 	1 5 0 	1 1 0 	1 1 0 	
0 1 0 	0 0 0 	0 0 0 	0 0 0 	0 1 0 	0 0 0 	0 1 0 	

0 1 0 	0 0 0 	0 1 0 	0 0 0 	0 0 0 	0 0 0 	0 0 0 	
1 1 1 	1 1 1 	0 1 0 	1 1 1 	0 1 1 	1 1 1 	1 1 1 	
0 0 0 	0 1 0 	0 1 0 	0 0 0 	0 1 0 	0 1 0 	0 0 0 	

0 1 0 	0 0 0 	0 0 0 	0 1 0 	0 1 0 	0 1 0 	0 0 0 	
1 1 0 	1 1 1 	0 1 1 	0 1 0 	0 1 0 	0 1 1 	1 1 0 	
0 0 0 	0 0 0 	0 1 0 	0 1 0 	0 1 0 	0 1 0 	0 1 0 	

0 0 0 	0 1 0 	0 1 0 	0 1 0 	0 0 0 	0 1 0 	0 1 0 	
0 1 1 	1 1 0 	0 3 0 	0 1 1 	1 3 1 	0 1 1 	1 1 0 	
0 1 0 	0 0 0 	0 1 0 	0 0 0 	0 1 0 	0 0 0 	0 0 0 	

0 1 0 	0 0 0 	0 1 0 	0 0 0 	0 1 0 	0 1 0 	0 1 0 	
0 2 1 	0 1 1 	0 1 1 	0 1 1 	1 1 0 	0 1 1 	1 1 0 	
0 0 0 	0 1 0 	0 0 0 	0 1 0 	0 0 0 	0 0 0 	0 0 0 	

0 1 0 
1 1 0 
0 0 0 
tile.rotation : 2
tile.type : CORNER
DFSList : 1 1 1 1 1 1 1 2 1 
player1 reachable item : 0
DFSList : 1 4 1 
player2 reachable item : 0
1번 회전, R0에 push했을 때 경우
0 0 0 	0 0 0 	0 1 0 	0 1 0 	0 1 0 	0 1 0 	0 0 0 	
0 1 1 	1 1 1 	0 1 0 	0 1 0 	1 1 0 	0 1 0 	1 4 0 	
0 1 0 	0 1 0 	0 1 0 	0 1 0 	0 0 0 	0 1 0 	0 1 0 	

0 0 0 	0 1 0 	0 1 0 	0 1 0 	0 1 0 	0 0 0 	0 0 0 	
0 1 1 	1 3 1 	0 1 0 	1 5 1 	0 5 1 	0 1 1 	0 1 1 	
0 1 0 	0 0 0 	0 1 0 	0 0 0 	0 0 0 	0 1 0 	0 1 0 	

0 1 0 	0 0 0 	0 1 0 	0 0 0 	0 0 0 	0 1 0 	0 0 0 	
0 1 0 	1 3 1 	1 5 0 	1 1 1 	1 5 0 	1 1 0 	1 1 0 	
0 1 0 	0 0 0 	0 0 0 	0 0 0 	0 1 0 	0 0 0 	0 1 0 	

0 1 0 	0 0 0 	0 1 0 	0 0 0 	0 0 0 	0 0 0 	0 0 0 	
1 1 1 	1 1 1 	0 1 0 	1 1 1 	0 1 1 	1 1 1 	1 1 1 	
0 0 0 	0 1 0 	0 1 0 	0 0 0 	0 1 0 	0 1 0 	0 0 0 	

0 1 0 	0 0 0 	0 0 0 	0 1 0 	0 1 0 	0 1 0 	0 0 0 	
1 1 0 	1 1 1 	0 1 1 	0 1 0 	0 1 0 	0 1 1 	1 1 0 	
0 0 0 	0 0 0 	0 1 0 	0 1 0 	0 1 0 	0 1 0 	0 1 0 	

0 1 0 	0 1 0 	0 1 0 	0 0 0 	0 1 0 	0 1 0 	0 1 0 	
1 1 0 	0 3 0 	0 1 1 	1 3 1 	0 1 1 	1 1 0 	1 1 0 	
0 0 0 	0 1 0 	0 0 0 	0 1 0 	0 0 0 	0 0 0 	0 0 0 	

0 1 0 	0 0 0 	0 1 0 	0 0 0 	0 1 0 	0 1 0 	0 1 0 	
0 2 1 	0 1 1 	0 1 1 	0 1 1 	1 1 0 	0 1 1 	1 1 0 	
0 0 0 	0 1 0 	0 0 0 	0 1 0 	0 0 0 	0 0 0 	0 0 0 	

0 0 0 
1 1 1 
0 0 0 
tile.rotation : 0
tile.type : STRAIGHT
DFSList : 1 2 1 
player1 reachable item : 0
DFSList : 1 4 1 
player2 reachable item : 0
1번 회전, R1에 push했을 때 경우
0 0 0 	0 0 0 	0 1 0 	0 1 0 	0 1 0 	0 1 0 	0 0 0 	
0 1 1 	1 1 1 	0 1 0 	0 1 0 	1 1 0 	0 1 0 	1 4 0 	
0 1 0 	0 1 0 	0 1 0 	0 1 0 	0 0 0 	0 1 0 	0 1 0 	

0 0 0 	0 0 0 	0 1 0 	0 1 0 	0 1 0 	0 1 0 	0 0 0 	
1 1 1 	0 1 1 	1 3 1 	0 1 0 	1 5 1 	0 5 1 	0 1 1 	
0 0 0 	0 1 0 	0 0 0 	0 1 0 	0 0 0 	0 0 0 	0 1 0 	

0 1 0 	0 0 0 	0 1 0 	0 0 0 	0 0 0 	0 1 0 	0 0 0 	
0 1 0 	1 3 1 	1 5 0 	1 1 1 	1 5 0 	1 1 0 	1 1 0 	
0 1 0 	0 0 0 	0 0 0 	0 0 0 	0 1 0 	0 0 0 	0 1 0 	

0 0 0 	0 1 0 	0 0 0 	0 0 0 	0 0 0 	0 0 0 	0 0 0 	
1 1 1 	0 1 0 	1 1 1 	0 1 1 	1 1 1 	1 1 1 	0 1 1 	
0 1 0 	0 1 0 	0 0 0 	0 1 0 	0 1 0 	0 0 0 	0 1 0 	

0 1 0 	0 0 0 	0 0 0 	0 1 0 	0 1 0 	0 1 0 	0 0 0 	
1 1 0 	1 1 1 	0 1 1 	0 1 0 	0 1 0 	0 1 1 	1 1 0 	
0 0 0 	0 0 0 	0 1 0 	0 1 0 	0 1 0 	0 1 0 	0 1 0 	

0 1 0 	0 1 0 	0 1 0 	0 0 0 	0 1 0 	0 1 0 	0 1 0 	
1 1 0 	0 3 0 	0 1 1 	1 3 1 	0 1 1 	1 1 0 	1 1 0 	
0 0 0 	0 1 0 	0 0 0 	0 1 0 	0 0 0 	0 0 0 	0 0 0 	

0 1 0 	0 0 0 	0 1 0 	0 0 0 	0 1 0 	0 1 0 	0 1 0 	
0 2 1 	0 1 1 	0 1 1 	0 1 1 	1 1 0 	0 1 1 	1 1 0 	
0 0 0 	0 1 0 	0 0 0 	0 1 0 	0 0 0 	0 0 0 	0 0 0 	

0 1 0 
1 1 1 
0 0 0 
tile.rotation : 1
tile.type : HALFCROSS
DFSList : 1 2 1 
player1 reachable item : 0
DFSList : 1 4 1 
player2 reachable item : 0
1번 회전, R2에 push했을 때 경우
0 0 0 	0 0 0 	0 1 0 	0 1 0 	0 1 0 	0 1 0 	0 0 0 	
0 1 1 	1 1 1 	0 1 0 	0 1 0 	1 1 0 	0 1 0 	1 4 0 	
0 1 0 	0 1 0 	0 1 0 	0 1 0 	0 0 0 	0 1 0 	0 1 0 	

0 0 0 	0 0 0 	0 1 0 	0 1 0 	0 1 0 	0 1 0 	0 0 0 	
1 1 1 	0 1 1 	1 3 1 	0 1 0 	1 5 1 	0 5 1 	0 1 1 	
0 0 0 	0 1 0 	0 0 0 	0 1 0 	0 0 0 	0 0 0 	0 1 0 	

0 1 0 	0 0 0 	0 1 0 	0 0 0 	0 0 0 	0 1 0 	0 0 0 	
0 1 0 	1 3 1 	1 5 0 	1 1 1 	1 5 0 	1 1 0 	1 1 0 	
0 1 0 	0 0 0 	0 0 0 	0 0 0 	0 1 0 	0 0 0 	0 1 0 	

0 1 0 	0 0 0 	0 1 0 	0 0 0 	0 0 0 	0 0 0 	0 0 0 	
1 1 1 	1 1 1 	0 1 0 	1 1 1 	0 1 1 	1 1 1 	1 1 1 	
0 0 0 	0 1 0 	0 1 0 	0 0 0 	0 1 0 	0 1 0 	0 0 0 	

0 1 0 	0 0 0 	0 0 0 	0 1 0 	0 1 0 	0 1 0 	0 0 0 	
1 1 0 	1 1 1 	0 1 1 	0 1 0 	0 1 0 	0 1 1 	1 1 0 	
0 0 0 	0 0 0 	0 1 0 	0 1 0 	0 1 0 	0 1 0 	0 1 0 	

0 1 0 	0 1 0 	0 0 0 	0 1 0 	0 1 0 	0 1 0 	0 0 0 	
0 3 0 	0 1 1 	1 3 1 	0 1 1 	1 1 0 	1 1 0 	0 1 1 	
0 1 0 	0 0 0 	0 1 0 	0 0 0 	0 0 0 	0 0 0 	0 1 0 	

0 1 0 	0 0 0 	0 1 0 	0 0 0 	0 1 0 	0 1 0 	0 1 0 	
0 2 1 	0 1 1 	0 1 1 	0 1 1 	1 1 0 	0 1 1 	1 1 0 	
0 0 0 	0 1 0 	0 0 0 	0 1 0 	0 0 0 	0 0 0 	0 0 0 	

0 1 0 
1 1 0 
0 0 0 
tile.rotation : 2
tile.type : CORNER
DFSList : 1 1 3 1 2 1 
player1 reachable item : 1
DFSList : 1 4 1 
player2 reachable item : 0
1번 회전, T0에 push했을 때 경우
0 0 0 	0 0 0 	0 1 0 	0 1 0 	0 1 0 	0 1 0 	0 0 0 	
0 1 1 	0 1 1 	0 1 0 	0 1 0 	1 1 0 	0 1 0 	1 4 0 	
0 1 0 	0 1 0 	0 1 0 	0 1 0 	0 0 0 	0 1 0 	0 1 0 	

0 0 0 	0 0 0 	0 1 0 	0 1 0 	0 1 0 	0 1 0 	0 0 0 	
1 1 1 	1 1 1 	1 3 1 	0 1 0 	1 5 1 	0 5 1 	0 1 1 	
0 0 0 	0 1 0 	0 0 0 	0 1 0 	0 0 0 	0 0 0 	0 1 0 	

0 1 0 	0 0 0 	0 1 0 	0 0 0 	0 0 0 	0 1 0 	0 0 0 	
0 1 0 	0 1 1 	1 5 0 	1 1 1 	1 5 0 	1 1 0 	1 1 0 	
0 1 0 	0 1 0 	0 0 0 	0 0 0 	0 1 0 	0 0 0 	0 1 0 	

0 1 0 	0 0 0 	0 1 0 	0 0 0 	0 0 0 	0 0 0 	0 0 0 	
1 1 1 	1 3 1 	0 1 0 	1 1 1 	0 1 1 	1 1 1 	1 1 1 	
0 0 0 	0 0 0 	0 1 0 	0 0 0 	0 1 0 	0 1 0 	0 0 0 	

0 1 0 	0 0 0 	0 0 0 	0 1 0 	0 1 0 	0 1 0 	0 0 0 	
1 1 0 	1 1 1 	0 1 1 	0 1 0 	0 1 0 	0 1 1 	1 1 0 	
0 0 0 	0 1 0 	0 1 0 	0 1 0 	0 1 0 	0 1 0 	0 1 0 	

0 1 0 	0 0 0 	0 1 0 	0 0 0 	0 1 0 	0 1 0 	0 1 0 	
1 1 0 	1 1 1 	0 1 1 	1 3 1 	0 1 1 	1 1 0 	1 1 0 	
0 0 0 	0 0 0 	0 0 0 	0 1 0 	0 0 0 	0 0 0 	0 0 0 	

0 1 0 	0 1 0 	0 1 0 	0 0 0 	0 1 0 	0 1 0 	0 1 0 	
0 2 1 	0 3 0 	0 1 1 	0 1 1 	1 1 0 	0 1 1 	1 1 0 	
0 0 0 	0 1 0 	0 0 0 	0 1 0 	0 0 0 	0 0 0 	0 0 0 	

0 0 0 
0 1 1 
0 1 0 
tile.rotation : 0
tile.type : CORNER
DFSList : 1 2 1 
player1 reachable item : 0
DFSList : 1 4 1 
player2 reachable item : 0
1번 회전, T1에 push했을 때 경우
0 0 0 	0 0 0 	0 1 0 	0 0 0 	0 1 0 	0 1 0 	0 0 0 	
0 1 1 	1 1 1 	0 1 0 	0 1 1 	1 1 0 	0 1 0 	1 4 0 	
0 1 0 	0 1 0 	0 1 0 	0 1 0 	0 0 0 	0 1 0 	0 1 0 	

0 0 0 	0 0 0 	0 1 0 	0 1 0 	0 1 0 	0 1 0 	0 0 0 	
1 1 1 	0 1 1 	1 3 1 	0 1 0 	1 5 1 	0 5 1 	0 1 1 	
0 0 0 	0 1 0 	0 0 0 	0 1 0 	0 0 0 	0 0 0 	0 1 0 	

0 1 0 	0 0 0 	0 1 0 	0 1 0 	0 0 0 	0 1 0 	0 0 0 	
0 1 0 	1 3 1 	1 5 0 	0 1 0 	1 5 0 	1 1 0 	1 1 0 	
0 1 0 	0 0 0 	0 0 0 	0 1 0 	0 1 0 	0 0 0 	0 1 0 	

0 1 0 	0 0 0 	0 1 0 	0 0 0 	0 0 0 	0 0 0 	0 0 0 	
1 1 1 	1 1 1 	0 1 0 	1 1 1 	0 1 1 	1 1 1 	1 1 1 	
0 0 0 	0 1 0 	0 1 0 	0 0 0 	0 1 0 	0 1 0 	0 0 0 	

0 1 0 	0 0 0 	0 0 0 	0 0 0 	0 1 0 	0 1 0 	0 0 0 	
1 1 0 	1 1 1 	0 1 1 	1 1 1 	0 1 0 	0 1 1 	1 1 0 	
0 0 0 	0 0 0 	0 1 0 	0 0 0 	0 1 0 	0 1 0 	0 1 0 	

0 1 0 	0 1 0 	0 1 0 	0 1 0 	0 1 0 	0 1 0 	0 1 0 	
1 1 0 	0 3 0 	0 1 1 	0 1 0 	0 1 1 	1 1 0 	1 1 0 	
0 0 0 	0 1 0 	0 0 0 	0 1 0 	0 0 0 	0 0 0 	0 0 0 	

0 1 0 	0 0 0 	0 1 0 	0 0 0 	0 1 0 	0 1 0 	0 1 0 	
0 2 1 	0 1 1 	0 1 1 	1 3 1 	1 1 0 	0 1 1 	1 1 0 	
0 0 0 	0 1 0 	0 0 0 	0 1 0 	0 0 0 	0 0 0 	0 0 0 	

0 0 0 
0 1 1 
0 1 0 
tile.rotation : 0
tile.type : CORNER
DFSList : 1 2 1 
player1 reachable item : 0
DFSList : 1 4 1 
player2 reachable item : 0
1번 회전, T2에 push했을 때 경우
0 0 0 	0 0 0 	0 1 0 	0 1 0 	0 1 0 	0 0 0 	0 0 0 	
0 1 1 	1 1 1 	0 1 0 	0 1 0 	1 1 0 	0 1 1 	1 4 0 	
0 1 0 	0 1 0 	0 1 0 	0 1 0 	0 0 0 	0 1 0 	0 1 0 	

0 0 0 	0 0 0 	0 1 0 	0 1 0 	0 1 0 	0 1 0 	0 0 0 	
1 1 1 	0 1 1 	1 3 1 	0 1 0 	1 5 1 	0 1 0 	0 1 1 	
0 0 0 	0 1 0 	0 0 0 	0 1 0 	0 0 0 	0 1 0 	0 1 0 	

0 1 0 	0 0 0 	0 1 0 	0 0 0 	0 0 0 	0 1 0 	0 0 0 	
0 1 0 	1 3 1 	1 5 0 	1 1 1 	1 5 0 	0 5 1 	1 1 0 	
0 1 0 	0 0 0 	0 0 0 	0 0 0 	0 1 0 	0 0 0 	0 1 0 	

0 1 0 	0 0 0 	0 1 0 	0 0 0 	0 0 0 	0 1 0 	0 0 0 	
1 1 1 	1 1 1 	0 1 0 	1 1 1 	0 1 1 	1 1 0 	1 1 1 	
0 0 0 	0 1 0 	0 1 0 	0 0 0 	0 1 0 	0 0 0 	0 0 0 	

0 1 0 	0 0 0 	0 0 0 	0 1 0 	0 1 0 	0 0 0 	0 0 0 	
1 1 0 	1 1 1 	0 1 1 	0 1 0 	0 1 0 	1 1 1 	1 1 0 	
0 0 0 	0 0 0 	0 1 0 	0 1 0 	0 1 0 	0 1 0 	0 1 0 	

0 1 0 	0 1 0 	0 1 0 	0 0 0 	0 1 0 	0 1 0 	0 1 0 	
1 1 0 	0 3 0 	0 1 1 	1 3 1 	0 1 1 	0 1 1 	1 1 0 	
0 0 0 	0 1 0 	0 0 0 	0 1 0 	0 0 0 	0 1 0 	0 0 0 	

0 1 0 	0 0 0 	0 1 0 	0 0 0 	0 1 0 	0 1 0 	0 1 0 	
0 2 1 	0 1 1 	0 1 1 	0 1 1 	1 1 0 	1 1 0 	1 1 0 	
0 0 0 	0 1 0 	0 0 0 	0 1 0 	0 0 0 	0 0 0 	0 0 0 	

0 1 0 
0 1 1 
0 0 0 
tile.rotation : 3
tile.type : CORNER
DFSList : 1 2 1 
player1 reachable item : 0
DFSList : 1 1 1 1 1 1 1 1 5 1 1 1 1 4 1 
player2 reachable item : 1
1번 회전, B0에 push했을 때 경우
0 0 0 	0 0 0 	0 1 0 	0 1 0 	0 1 0 	0 1 0 	0 0 0 	
0 1 1 	0 1 1 	0 1 0 	0 1 0 	1 1 0 	0 1 0 	1 4 0 	
0 1 0 	0 1 0 	0 1 0 	0 1 0 	0 0 0 	0 1 0 	0 1 0 	

0 0 0 	0 0 0 	0 1 0 	0 1 0 	0 1 0 	0 1 0 	0 0 0 	
1 1 1 	1 3 1 	1 3 1 	0 1 0 	1 5 1 	0 5 1 	0 1 1 	
0 0 0 	0 0 0 	0 0 0 	0 1 0 	0 0 0 	0 0 0 	0 1 0 	

0 1 0 	0 0 0 	0 1 0 	0 0 0 	0 0 0 	0 1 0 	0 0 0 	
0 1 0 	1 1 1 	1 5 0 	1 1 1 	1 5 0 	1 1 0 	1 1 0 	
0 1 0 	0 1 0 	0 0 0 	0 0 0 	0 1 0 	0 0 0 	0 1 0 	

0 1 0 	0 0 0 	0 1 0 	0 0 0 	0 0 0 	0 0 0 	0 0 0 	
1 1 1 	1 1 1 	0 1 0 	1 1 1 	0 1 1 	1 1 1 	1 1 1 	
0 0 0 	0 0 0 	0 1 0 	0 0 0 	0 1 0 	0 1 0 	0 0 0 	

0 1 0 	0 1 0 	0 0 0 	0 1 0 	0 1 0 	0 1 0 	0 0 0 	
1 1 0 	0 3 0 	0 1 1 	0 1 0 	0 1 0 	0 1 1 	1 1 0 	
0 0 0 	0 1 0 	0 1 0 	0 1 0 	0 1 0 	0 1 0 	0 1 0 	

0 1 0 	0 0 0 	0 1 0 	0 0 0 	0 1 0 	0 1 0 	0 1 0 	
1 1 0 	0 1 1 	0 1 1 	1 3 1 	0 1 1 	1 1 0 	1 1 0 	
0 0 0 	0 1 0 	0 0 0 	0 1 0 	0 0 0 	0 0 0 	0 0 0 	

0 1 0 	0 0 0 	0 1 0 	0 0 0 	0 1 0 	0 1 0 	0 1 0 	
0 2 1 	0 1 1 	0 1 1 	0 1 1 	1 1 0 	0 1 1 	1 1 0 	
0 0 0 	0 1 0 	0 0 0 	0 1 0 	0 0 0 	0 0 0 	0 0 0 	

0 0 0 
1 1 1 
0 1 0 
tile.rotation : 3
tile.type : HALFCROSS
DFSList : 1 2 1 
player1 reachable item : 0
DFSList : 1 4 1 
player2 reachable item : 0
1번 회전, B1에 push했을 때 경우
0 0 0 	0 0 0 	0 1 0 	0 1 0 	0 1 0 	0 1 0 	0 0 0 	
0 1 1 	1 1 1 	0 1 0 	0 1 0 	1 1 0 	0 1 0 	1 4 0 	
0 1 0 	0 1 0 	0 1 0 	0 1 0 	0 0 0 	0 1 0 	0 1 0 	

0 0 0 	0 0 0 	0 1 0 	0 0 0 	0 1 0 	0 1 0 	0 0 0 	
1 1 1 	0 1 1 	1 3 1 	1 1 1 	1 5 1 	0 5 1 	0 1 1 	
0 0 0 	0 1 0 	0 0 0 	0 0 0 	0 0 0 	0 0 0 	0 1 0 	

0 1 0 	0 0 0 	0 1 0 	0 0 0 	0 0 0 	0 1 0 	0 0 0 	
0 1 0 	1 3 1 	1 5 0 	1 1 1 	1 5 0 	1 1 0 	1 1 0 	
0 1 0 	0 0 0 	0 0 0 	0 0 0 	0 1 0 	0 0 0 	0 1 0 	

0 1 0 	0 0 0 	0 1 0 	0 1 0 	0 0 0 	0 0 0 	0 0 0 	
1 1 1 	1 1 1 	0 1 0 	0 1 0 	0 1 1 	1 1 1 	1 1 1 	
0 0 0 	0 1 0 	0 1 0 	0 1 0 	0 1 0 	0 1 0 	0 0 0 	

0 1 0 	0 0 0 	0 0 0 	0 0 0 	0 1 0 	0 1 0 	0 0 0 	
1 1 0 	1 1 1 	0 1 1 	1 3 1 	0 1 0 	0 1 1 	1 1 0 	
0 0 0 	0 0 0 	0 1 0 	0 1 0 	0 1 0 	0 1 0 	0 1 0 	

0 1 0 	0 1 0 	0 1 0 	0 0 0 	0 1 0 	0 1 0 	0 1 0 	
1 1 0 	0 3 0 	0 1 1 	0 1 1 	0 1 1 	1 1 0 	1 1 0 	
0 0 0 	0 1 0 	0 0 0 	0 1 0 	0 0 0 	0 0 0 	0 0 0 	

0 1 0 	0 0 0 	0 1 0 	0 0 0 	0 1 0 	0 1 0 	0 1 0 	
0 2 1 	0 1 1 	0 1 1 	0 1 1 	1 1 0 	0 1 1 	1 1 0 	
0 0 0 	0 1 0 	0 0 0 	0 1 0 	0 0 0 	0 0 0 	0 0 0 	

0 1 0 
0 1 0 
0 1 0 
tile.rotation : 1
tile.type : STRAIGHT
DFSList : 1 2 1 
player1 reachable item : 0
DFSList : 1 4 1 
player2 reachable item : 0
1번 회전, B2에 push했을 때 경우
0 0 0 	0 0 0 	0 1 0 	0 1 0 	0 1 0 	0 1 0 	0 0 0 	
0 1 1 	1 1 1 	0 1 0 	0 1 0 	1 1 0 	0 5 1 	1 4 0 	
0 1 0 	0 1 0 	0 1 0 	0 1 0 	0 0 0 	0 0 0 	0 1 0 	

0 0 0 	0 0 0 	0 1 0 	0 1 0 	0 1 0 	0 1 0 	0 0 0 	
1 1 1 	0 1 1 	1 3 1 	0 1 0 	1 5 1 	1 1 0 	0 1 1 	
0 0 0 	0 1 0 	0 0 0 	0 1 0 	0 0 0 	0 0 0 	0 1 0 	

0 1 0 	0 0 0 	0 1 0 	0 0 0 	0 0 0 	0 0 0 	0 0 0 	
0 1 0 	1 3 1 	1 5 0 	1 1 1 	1 5 0 	1 1 1 	1 1 0 	
0 1 0 	0 0 0 	0 0 0 	0 0 0 	0 1 0 	0 1 0 	0 1 0 	

0 1 0 	0 0 0 	0 1 0 	0 0 0 	0 0 0 	0 1 0 	0 0 0 	
1 1 1 	1 1 1 	0 1 0 	1 1 1 	0 1 1 	0 1 1 	1 1 1 	
0 0 0 	0 1 0 	0 1 0 	0 0 0 	0 1 0 	0 1 0 	0 0 0 	

0 1 0 	0 0 0 	0 0 0 	0 1 0 	0 1 0 	0 1 0 	0 0 0 	
1 1 0 	1 1 1 	0 1 1 	0 1 0 	0 1 0 	1 1 0 	1 1 0 	
0 0 0 	0 0 0 	0 1 0 	0 1 0 	0 1 0 	0 0 0 	0 1 0 	

0 1 0 	0 1 0 	0 1 0 	0 0 0 	0 1 0 	0 1 0 	0 1 0 	
1 1 0 	0 3 0 	0 1 1 	1 3 1 	0 1 1 	0 1 1 	1 1 0 	
0 0 0 	0 1 0 	0 0 0 	0 1 0 	0 0 0 	0 0 0 	0 0 0 	

0 1 0 	0 0 0 	0 1 0 	0 0 0 	0 1 0 	0 0 0 	0 1 0 	
0 2 1 	0 1 1 	0 1 1 	0 1 1 	1 1 0 	0 1 1 	1 1 0 	
0 0 0 	0 1 0 	0 0 0 	0 1 0 	0 0 0 	0 1 0 	0 0 0 	

0 1 0 
0 1 0 
0 1 0 
tile.rotation : 1
tile.type : STRAIGHT
DFSList : 1 2 1 
player1 reachable item : 0
DFSList : 1 1 1 5 4 1 
player2 reachable item : 1
2번 회전, L0에 push했을 때 경우
0 0 0 	0 0 0 	0 1 0 	0 1 0 	0 1 0 	0 1 0 	0 0 0 	
0 1 1 	1 1 1 	0 1 0 	0 1 0 	1 1 0 	0 1 0 	1 4 0 	
0 1 0 	0 1 0 	0 1 0 	0 1 0 	0 0 0 	0 1 0 	0 1 0 	

0 0 0 	0 0 0 	0 0 0 	0 1 0 	0 1 0 	0 1 0 	0 1 0 	
1 1 0 	1 1 1 	0 1 1 	1 3 1 	0 1 0 	1 5 1 	0 5 1 	
0 1 0 	0 0 0 	0 1 0 	0 0 0 	0 1 0 	0 0 0 	0 0 0 	

0 1 0 	0 0 0 	0 1 0 	0 0 0 	0 0 0 	0 1 0 	0 0 0 	
0 1 0 	1 3 1 	1 5 0 	1 1 1 	1 5 0 	1 1 0 	1 1 0 	
0 1 0 	0 0 0 	0 0 0 	0 0 0 	0 1 0 	0 0 0 	0 1 0 	

0 1 0 	0 0 0 	0 1 0 	0 0 0 	0 0 0 	0 0 0 	0 0 0 	
1 1 1 	1 1 1 	0 1 0 	1 1 1 	0 1 1 	1 1 1 	1 1 1 	
0 0 0 	0 1 0 	0 1 0 	0 0 0 	0 1 0 	0 1 0 	0 0 0 	

0 1 0 	0 0 0 	0 0 0 	0 1 0 	0 1 0 	0 1 0 	0 0 0 	
1 1 0 	1 1 1 	0 1 1 	0 1 0 	0 1 0 	0 1 1 	1 1 0 	
0 0 0 	0 0 0 	0 1 0 	0 1 0 	0 1 0 	0 1 0 	0 1 0 	

0 1 0 	0 1 0 	0 1 0 	0 0 0 	0 1 0 	0 1 0 	0 1 0 	
1 1 0 	0 3 0 	0 1 1 	1 3 1 	0 1 1 	1 1 0 	1 1 0 	
0 0 0 	0 1 0 	0 0 0 	0 1 0 	0 0 0 	0 0 0 	0 0 0 	

0 1 0 	0 0 0 	0 1 0 	0 0 0 	0 1 0 	0 1 0 	0 1 0 	
0 2 1 	0 1 1 	0 1 1 	0 1 1 	1 1 0 	0 1 1 	1 1 0 	
0 0 0 	0 1 0 	0 0 0 	0 1 0 	0 0 0 	0 0 0 	0 0 0 	

0 0 0 
0 1 1 
0 1 0 
tile.rotation : 0
tile.type : CORNER
DFSList : 1 2 1 
player1 reachable item : 0
DFSList : 1 4 1 1 5 1 
player2 reachable item : 1
2번 회전, L1에 push했을 때 경우
0 0 0 	0 0 0 	0 1 0 	0 1 0 	0 1 0 	0 1 0 	0 0 0 	
0 1 1 	1 1 1 	0 1 0 	0 1 0 	1 1 0 	0 1 0 	1 4 0 	
0 1 0 	0 1 0 	0 1 0 	0 1 0 	0 0 0 	0 1 0 	0 1 0 	

0 0 0 	0 0 0 	0 1 0 	0 1 0 	0 1 0 	0 1 0 	0 0 0 	
1 1 1 	0 1 1 	1 3 1 	0 1 0 	1 5 1 	0 5 1 	0 1 1 	
0 0 0 	0 1 0 	0 0 0 	0 1 0 	0 0 0 	0 0 0 	0 1 0 	

0 1 0 	0 0 0 	0 1 0 	0 0 0 	0 0 0 	0 1 0 	0 0 0 	
0 1 0 	1 3 1 	1 5 0 	1 1 1 	1 5 0 	1 1 0 	1 1 0 	
0 1 0 	0 0 0 	0 0 0 	0 0 0 	0 1 0 	0 0 0 	0 1 0 	

0 0 0 	0 1 0 	0 0 0 	0 1 0 	0 0 0 	0 0 0 	0 0 0 	
1 1 0 	1 1 1 	1 1 1 	0 1 0 	1 1 1 	0 1 1 	1 1 1 	
0 1 0 	0 0 0 	0 1 0 	0 1 0 	0 0 0 	0 1 0 	0 1 0 	

0 1 0 	0 0 0 	0 0 0 	0 1 0 	0 1 0 	0 1 0 	0 0 0 	
1 1 0 	1 1 1 	0 1 1 	0 1 0 	0 1 0 	0 1 1 	1 1 0 	
0 0 0 	0 0 0 	0 1 0 	0 1 0 	0 1 0 	0 1 0 	0 1 0 	

0 1 0 	0 1 0 	0 1 0 	0 0 0 	0 1 0 	0 1 0 	0 1 0 	
1 1 0 	0 3 0 	0 1 1 	1 3 1 	0 1 1 	1 1 0 	1 1 0 	
0 0 0 	0 1 0 	0 0 0 	0 1 0 	0 0 0 	0 0 0 	0 0 0 	

0 1 0 	0 0 0 	0 1 0 	0 0 0 	0 1 0 	0 1 0 	0 1 0 	
0 2 1 	0 1 1 	0 1 1 	0 1 1 	1 1 0 	0 1 1 	1 1 0 	
0 0 0 	0 1 0 	0 0 0 	0 1 0 	0 0 0 	0 0 0 	0 0 0 	

0 0 0 
1 1 1 
0 0 0 
tile.rotation : 2
tile.type : STRAIGHT
DFSList : 1 2 1 
player1 reachable item : 0
DFSList : 1 4 1 
player2 reachable item : 0
2번 회전, L2에 push했을 때 경우
0 0 0 	0 0 0 	0 1 0 	0 1 0 	0 1 0 	0 1 0 	0 0 0 	
0 1 1 	1 1 1 	0 1 0 	0 1 0 	1 1 0 	0 1 0 	1 4 0 	
0 1 0 	0 1 0 	0 1 0 	0 1 0 	0 0 0 	0 1 0 	0 1 0 	

0 0 0 	0 0 0 	0 1 0 	0 1 0 	0 1 0 	0 1 0 	0 0 0 	
1 1 1 	0 1 1 	1 3 1 	0 1 0 	1 5 1 	0 5 1 	0 1 1 	
0 0 0 	0 1 0 	0 0 0 	0 1 0 	0 0 0 	0 0 0 	0 1 0 	

0 1 0 	0 0 0 	0 1 0 	0 0 0 	0 0 0 	0 1 0 	0 0 0 	
0 1 0 	1 3 1 	1 5 0 	1 1 1 	1 5 0 	1 1 0 	1 1 0 	
0 1 0 	0 0 0 	0 0 0 	0 0 0 	0 1 0 	0 0 0 	0 1 0 	

0 1 0 	0 0 0 	0 1 0 	0 0 0 	0 0 0 	0 0 0 	0 0 0 	
1 1 1 	1 1 1 	0 1 0 	1 1 1 	0 1 1 	1 1 1 	1 1 1 	
0 0 0 	0 1 0 	0 1 0 	0 0 0 	0 1 0 	0 1 0 	0 0 0 	

0 1 0 	0 0 0 	0 0 0 	0 1 0 	0 1 0 	0 1 0 	0 0 0 	
1 1 0 	1 1 1 	0 1 1 	0 1 0 	0 1 0 	0 1 1 	1 1 0 	
0 0 0 	0 0 0 	0 1 0 	0 1 0 	0 1 0 	0 1 0 	0 1 0 	

0 0 0 	0 1 0 	0 1 0 	0 1 0 	0 0 0 	0 1 0 	0 1 0 	
1 1 0 	1 1 0 	0 3 0 	0 1 1 	1 3 1 	0 1 1 	1 1 0 	
0 1 0 	0 0 0 	0 1 0 	0 0 0 	0 1 0 	0 0 0 	0 0 0 	

0 1 0 	0 0 0 	0 1 0 	0 0 0 	0 1 0 	0 1 0 	0 1 0 	
0 2 1 	0 1 1 	0 1 1 	0 1 1 	1 1 0 	0 1 1 	1 1 0 	
0 0 0 	0 1 0 	0 0 0 	0 1 0 	0 0 0 	0 0 0 	0 0 0 	

0 1 0 
1 1 0 
0 0 0 
tile.rotation : 2
tile.type : CORNER
DFSList : 1 1 1 1 2 1 
player1 reachable item : 0
DFSList : 1 4 1 
player2 reachable item : 0
2번 회전, R0에 push했을 때 경우
0 0 0 	0 0 0 	0 1 0 	0 1 0 	0 1 0 	0 1 0 	0 0 0 	
0 1 1 	1 1 1 	0 1 0 	0 1 0 	1 1 0 	0 1 0 	1 4 0 	
0 1 0 	0 1 0 	0 1 0 	0 1 0 	0 0 0 	0 1 0 	0 1 0 	

0 0 0 	0 1 0 	0 1 0 	0 1 0 	0 1 0 	0 0 0 	0 0 0 	
0 1 1 	1 3 1 	0 1 0 	1 5 1 	0 5 1 	0 1 1 	1 1 0 	
0 1 0 	0 0 0 	0 1 0 	0 0 0 	0 0 0 	0 1 0 	0 1 0 	

0 1 0 	0 0 0 	0 1 0 	0 0 0 	0 0 0 	0 1 0 	0 0 0 	
0 1 0 	1 3 1 	1 5 0 	1 1 1 	1 5 0 	1 1 0 	1 1 0 	
0 1 0 	0 0 0 	0 0 0 	0 0 0 	0 1 0 	0 0 0 	0 1 0 	

0 1 0 	0 0 0 	0 1 0 	0 0 0 	0 0 0 	0 0 0 	0 0 0 	
1 1 1 	1 1 1 	0 1 0 	1 1 1 	0 1 1 	1 1 1 	1 1 1 	
0 0 0 	0 1 0 	0 1 0 	0 0 0 	0 1 0 	0 1 0 	0 0 0 	

0 1 0 	0 0 0 	0 0 0 	0 1 0 	0 1 0 	0 1 0 	0 0 0 	
1 1 0 	1 1 1 	0 1 1 	0 1 0 	0 1 0 	0 1 1 	1 1 0 	
0 0 0 	0 0 0 	0 1 0 	0 1 0 	0 1 0 	0 1 0 	0 1 0 	

0 1 0 	0 1 0 	0 1 0 	0 0 0 	0 1 0 	0 1 0 	0 1 0 	
1 1 0 	0 3 0 	0 1 1 	1 3 1 	0 1 1 	1 1 0 	1 1 0 	
0 0 0 	0 1 0 	0 0 0 	0 1 0 	0 0 0 	0 0 0 	0 0 0 	

0 1 0 	0 0 0 	0 1 0 	0 0 0 	0 1 0 	0 1 0 	0 1 0 	
0 2 1 	0 1 1 	0 1 1 	0 1 1 	1 1 0 	0 1 1 	1 1 0 	
0 0 0 	0 1 0 	0 0 0 	0 1 0 	0 0 0 	0 0 0 	0 0 0 	

0 0 0 
1 1 1 
0 0 0 
tile.rotation : 0
tile.type : STRAIGHT
DFSList : 1 2 1 
player1 reachable item : 0
DFSList : 1 4 1 
player2 reachable item : 0
2번 회전, R1에 push했을 때 경우
0 0 0 	0 0 0 	0 1 0 	0 1 0 	0 1 0 	0 1 0 	0 0 0 	
0 1 1 	1 1 1 	0 1 0 	0 1 0 	1 1 0 	0 1 0 	1 4 0 	
0 1 0 	0 1 0 	0 1 0 	0 1 0 	0 0 0 	0 1 0 	0 1 0 	

0 0 0 	0 0 0 	0 1 0 	0 1 0 	0 1 0 	0 1 0 	0 0 0 	
1 1 1 	0 1 1 	1 3 1 	0 1 0 	1 5 1 	0 5 1 	0 1 1 	
0 0 0 	0 1 0 	0 0 0 	0 1 0 	0 0 0 	0 0 0 	0 1 0 	

0 1 0 	0 0 0 	0 1 0 	0 0 0 	0 0 0 	0 1 0 	0 0 0 	
0 1 0 	1 3 1 	1 5 0 	1 1 1 	1 5 0 	1 1 0 	1 1 0 	
0 1 0 	0 0 0 	0 0 0 	0 0 0 	0 1 0 	0 0 0 	0 1 0 	

0 0 0 	0 1 0 	0 0 0 	0 0 0 	0 0 0 	0 0 0 	0 0 0 	
1 1 1 	0 1 0 	1 1 1 	0 1 1 	1 1 1 	1 1 1 	1 1 0 	
0 1 0 	0 1 0 	0 0 0 	0 1 0 	0 1 0 	0 0 0 	0 1 0 	

0 1 0 	0 0 0 	0 0 0 	0 1 0 	0 1 0 	0 1 0 	0 0 0 	
1 1 0 	1 1 1 	0 1 1 	0 1 0 	0 1 0 	0 1 1 	1 1 0 	
0 0 0 	0 0 0 	0 1 0 	0 1 0 	0 1 0 	0 1 0 	0 1 0 	

0 1 0 	0 1 0 	0 1 0 	0 0 0 	0 1 0 	0 1 0 	0 1 0 	
1 1 0 	0 3 0 	0 1 1 	1 3 1 	0 1 1 	1 1 0 	1 1 0 	
0 0 0 	0 1 0 	0 0 0 	0 1 0 	0 0 0 	0 0 0 	0 0 0 	

0 1 0 	0 0 0 	0 1 0 	0 0 0 	0 1 0 	0 1 0 	0 1 0 	
0 2 1 	0 1 1 	0 1 1 	0 1 1 	1 1 0 	0 1 1 	1 1 0 	
0 0 0 	0 1 0 	0 0 0 	0 1 0 	0 0 0 	0 0 0 	0 0 0 	

0 1 0 
1 1 1 
0 0 0 
tile.rotation : 1
tile.type : HALFCROSS
DFSList : 1 2 1 
player1 reachable item : 0
DFSList : 1 4 1 
player2 reachable item : 0
2번 회전, R2에 push했을 때 경우
0 0 0 	0 0 0 	0 1 0 	0 1 0 	0 1 0 	0 1 0 	0 0 0 	
0 1 1 	1 1 1 	0 1 0 	0 1 0 	1 1 0 	0 1 0 	1 4 0 	
0 1 0 	0 1 0 	0 1 0 	0 1 0 	0 0 0 	0 1 0 	0 1 0 	

0 0 0 	0 0 0 	0 1 0 	0 1 0 	0 1 0 	0 1 0 	0 0 0 	
1 1 1 	0 1 1 	1 3 1 	0 1 0 	1 5 1 	0 5 1 	0 1 1 	
0 0 0 	0 1 0 	0 0 0 	0 1 0 	0 0 0 	0 0 0 	0 1 0 	

0 1 0 	0 0 0 	0 1 0 	0 0 0 	0 0 0 	0 1 0 	0 0 0 	
0 1 0 	1 3 1 	1 5 0 	1 1 1 	1 5 0 	1 1 0 	1 1 0 	
0 1 0 	0 0 0 	0 0 0 	0 0 0 	0 1 0 	0 0 0 	0 1 0 	

0 1 0 	0 0 0 	0 1 0 	0 0 0 	0 0 0 	0 0 0 	0 0 0 	
1 1 1 	1 1 1 	0 1 0 	1 1 1 	0 1 1 	1 1 1 	1 1 1 	
0 0 0 	0 1 0 	0 1 0 	0 0 0 	0 1 0 	0 1 0 	0 0 0 	

0 1 0 	0 0 0 	0 0 0 	0 1 0 	0 1 0 	0 1 0 	0 0 0 	
1 1 0 	1 1 1 	0 1 1 	0 1 0 	0 1 0 	0 1 1 	1 1 0 	
0 0 0 	0 0 0 	0 1 0 	0 1 0 	0 1 0 	0 1 0 	0 1 0 	

0 1 0 	0 1 0 	0 0 0 	0 1 0 	0 1 0 	0 1 0 	0 0 0 	
0 3 0 	0 1 1 	1 3 1 	0 1 1 	1 1 0 	1 1 0 	1 1 0 	
0 1 0 	0 0 0 	0 1 0 	0 0 0 	0 0 0 	0 0 0 	0 1 0 	

0 1 0 	0 0 0 	0 1 0 	0 0 0 	0 1 0 	0 1 0 	0 1 0 	
0 2 1 	0 1 1 	0 1 1 	0 1 1 	1 1 0 	0 1 1 	1 1 0 	
0 0 0 	0 1 0 	0 0 0 	0 1 0 	0 0 0 	0 0 0 	0 0 0 	

0 1 0 
1 1 0 
0 0 0 
tile.rotation : 2
tile.type : CORNER
DFSList : 1 1 3 1 2 1 
player1 reachable item : 1
DFSList : 1 4 1 
player2 reachable item : 0
2번 회전, T0에 push했을 때 경우
0 0 0 	0 0 0 	0 1 0 	0 1 0 	0 1 0 	0 1 0 	0 0 0 	
0 1 1 	1 1 0 	0 1 0 	0 1 0 	1 1 0 	0 1 0 	1 4 0 	
0 1 0 	0 1 0 	0 1 0 	0 1 0 	0 0 0 	0 1 0 	0 1 0 	

0 0 0 	0 0 0 	0 1 0 	0 1 0 	0 1 0 	0 1 0 	0 0 0 	
1 1 1 	1 1 1 	1 3 1 	0 1 0 	1 5 1 	0 5 1 	0 1 1 	
0 0 0 	0 1 0 	0 0 0 	0 1 0 	0 0 0 	0 0 0 	0 1 0 	

0 1 0 	0 0 0 	0 1 0 	0 0 0 	0 0 0 	0 1 0 	0 0 0 	
0 1 0 	0 1 1 	1 5 0 	1 1 1 	1 5 0 	1 1 0 	1 1 0 	
0 1 0 	0 1 0 	0 0 0 	0 0 0 	0 1 0 	0 0 0 	0 1 0 	

0 1 0 	0 0 0 	0 1 0 	0 0 0 	0 0 0 	0 0 0 	0 0 0 	
1 1 1 	1 3 1 	0 1 0 	1 1 1 	0 1 1 	1 1 1 	1 1 1 	
0 0 0 	0 0 0 	0 1 0 	0 0 0 	0 1 0 	0 1 0 	0 0 0 	

0 1 0 	0 0 0 	0 0 0 	0 1 0 	0 1 0 	0 1 0 	0 0 0 	
1 1 0 	1 1 1 	0 1 1 	0 1 0 	0 1 0 	0 1 1 	1 1 0 	
0 0 0 	0 1 0 	0 1 0 	0 1 0 	0 1 0 	0 1 0 	0 1 0 	

0 1 0 	0 0 0 	0 1 0 	0 0 0 	0 1 0 	0 1 0 	0 1 0 	
1 1 0 	1 1 1 	0 1 1 	1 3 1 	0 1 1 	1 1 0 	1 1 0 	
0 0 0 	0 0 0 	0 0 0 	0 1 0 	0 0 0 	0 0 0 	0 0 0 	

0 1 0 	0 1 0 	0 1 0 	0 0 0 	0 1 0 	0 1 0 	0 1 0 	
0 2 1 	0 3 0 	0 1 1 	0 1 1 	1 1 0 	0 1 1 	1 1 0 	
0 0 0 	0 1 0 	0 0 0 	0 1 0 	0 0 0 	0 0 0 	0 0 0 	

0 0 0 
0 1 1 
0 1 0 
tile.rotation : 0
tile.type : CORNER
DFSList : 1 2 1 
player1 reachable item : 0
DFSList : 1 4 1 
player2 reachable item : 0
2번 회전, T1에 push했을 때 경우
0 0 0 	0 0 0 	0 1 0 	0 0 0 	0 1 0 	0 1 0 	0 0 0 	
0 1 1 	1 1 1 	0 1 0 	1 1 0 	1 1 0 	0 1 0 	1 4 0 	
0 1 0 	0 1 0 	0 1 0 	0 1 0 	0 0 0 	0 1 0 	0 1 0 	

0 0 0 	0 0 0 	0 1 0 	0 1 0 	0 1 0 	0 1 0 	0 0 0 	
1 1 1 	0 1 1 	1 3 1 	0 1 0 	1 5 1 	0 5 1 	0 1 1 	
0 0 0 	0 1 0 	0 0 0 	0 1 0 	0 0 0 	0 0 0 	0 1 0 	

0 1 0 	0 0 0 	0 1 0 	0 1 0 	0 0 0 	0 1 0 	0 0 0 	
0 1 0 	1 3 1 	1 5 0 	0 1 0 	1 5 0 	1 1 0 	1 1 0 	
0 1 0 	0 0 0 	0 0 0 	0 1 0 	0 1 0 	0 0 0 	0 1 0 	

0 1 0 	0 0 0 	0 1 0 	0 0 0 	0 0 0 	0 0 0 	0 0 0 	
1 1 1 	1 1 1 	0 1 0 	1 1 1 	0 1 1 	1 1 1 	1 1 1 	
0 0 0 	0 1 0 	0 1 0 	0 0 0 	0 1 0 	0 1 0 	0 0 0 	

0 1 0 	0 0 0 	0 0 0 	0 0 0 	0 1 0 	0 1 0 	0 0 0 	
1 1 0 	1 1 1 	0 1 1 	1 1 1 	0 1 0 	0 1 1 	1 1 0 	
0 0 0 	0 0 0 	0 1 0 	0 0 0 	0 1 0 	0 1 0 	0 1 0 	

0 1 0 	0 1 0 	0 1 0 	0 1 0 	0 1 0 	0 1 0 	0 1 0 	
1 1 0 	0 3 0 	0 1 1 	0 1 0 	0 1 1 	1 1 0 	1 1 0 	
0 0 0 	0 1 0 	0 0 0 	0 1 0 	0 0 0 	0 0 0 	0 0 0 	

0 1 0 	0 0 0 	0 1 0 	0 0 0 	0 1 0 	0 1 0 	0 1 0 	
0 2 1 	0 1 1 	0 1 1 	1 3 1 	1 1 0 	0 1 1 	1 1 0 	
0 0 0 	0 1 0 	0 0 0 	0 1 0 	0 0 0 	0 0 0 	0 0 0 	

0 0 0 
0 1 1 
0 1 0 
tile.rotation : 0
tile.type : CORNER
DFSList : 1 2 1 
player1 reachable item : 0
DFSList : 1 4 1 
player2 reachable item : 0
2번 회전, T2에 push했을 때 경우
0 0 0 	0 0 0 	0 1 0 	0 1 0 	0 1 0 	0 0 0 	0 0 0 	
0 1 1 	1 1 1 	0 1 0 	0 1 0 	1 1 0 	1 1 0 	1 4 0 	
0 1 0 	0 1 0 	0 1 0 	0 1 0 	0 0 0 	0 1 0 	0 1 0 	

0 0 0 	0 0 0 	0 1 0 	0 1 0 	0 1 0 	0 1 0 	0 0 0 	
1 1 1 	0 1 1 	1 3 1 	0 1 0 	1 5 1 	0 1 0 	0 1 1 	
0 0 0 	0 1 0 	0 0 0 	0 1 0 	0 0 0 	0 1 0 	0 1 0 	

0 1 0 	0 0 0 	0 1 0 	0 0 0 	0 0 0 	0 1 0 	0 0 0 	
0 1 0 	1 3 1 	1 5 0 	1 1 1 	1 5 0 	0 5 1 	1 1 0 	
0 1 0 	0 0 0 	0 0 0 	0 0 0 	0 1 0 	0 0 0 	0 1 0 	

0 1 0 	0 0 0 	0 1 0 	0 0 0 	0 0 0 	0 1 0 	0 0 0 	
1 1 1 	1 1 1 	0 1 0 	1 1 1 	0 1 1 	1 1 0 	1 1 1 	
0 0 0 	0 1 0 	0 1 0 	0 0 0 	0 1 0 	0 0 0 	0 0 0 	

0 1 0 	0 0 0 	0 0 0 	0 1 0 	0 1 0 	0 0 0 	0 0 0 	
1 1 0 	1 1 1 	0 1 1 	0 1 0 	0 1 0 	1 1 1 	1 1 0 	
0 0 0 	0 0 0 	0 1 0 	0 1 0 	0 1 0 	0 1 0 	0 1 0 	

0 1 0 	0 1 0 	0 1 0 	0 0 0 	0 1 0 	0 1 0 	0 1 0 	
1 1 0 	0 3 0 	0 1 1 	1 3 1 	0 1 1 	0 1 1 	1 1 0 	
0 0 0 	0 1 0 	0 0 0 	0 1 0 	0 0 0 	0 1 0 	0 0 0 	

0 1 0 	0 0 0 	0 1 0 	0 0 0 	0 1 0 	0 1 0 	0 1 0 	
0 2 1 	0 1 1 	0 1 1 	0 1 1 	1 1 0 	1 1 0 	1 1 0 	
0 0 0 	0 1 0 	0 0 0 	0 1 0 	0 0 0 	0 0 0 	0 0 0 	

0 1 0 
0 1 1 
0 0 0 
tile.rotation : 3
tile.type : CORNER
DFSList : 1 2 1 
player1 reachable item : 0
DFSList : 1 4 1 
player2 reachable item : 0
2번 회전, B0에 push했을 때 경우
0 0 0 	0 0 0 	0 1 0 	0 1 0 	0 1 0 	0 1 0 	0 0 0 	
0 1 1 	0 1 1 	0 1 0 	0 1 0 	1 1 0 	0 1 0 	1 4 0 	
0 1 0 	0 1 0 	0 1 0 	0 1 0 	0 0 0 	0 1 0 	0 1 0 	

0 0 0 	0 0 0 	0 1 0 	0 1 0 	0 1 0 	0 1 0 	0 0 0 	
1 1 1 	1 3 1 	1 3 1 	0 1 0 	1 5 1 	0 5 1 	0 1 1 	
0 0 0 	0 0 0 	0 0 0 	0 1 0 	0 0 0 	0 0 0 	0 1 0 	

0 1 0 	0 0 0 	0 1 0 	0 0 0 	0 0 0 	0 1 0 	0 0 0 	
0 1 0 	1 1 1 	1 5 0 	1 1 1 	1 5 0 	1 1 0 	1 1 0 	
0 1 0 	0 1 0 	0 0 0 	0 0 0 	0 1 0 	0 0 0 	0 1 0 	

0 1 0 	0 0 0 	0 1 0 	0 0 0 	0 0 0 	0 0 0 	0 0 0 	
1 1 1 	1 1 1 	0 1 0 	1 1 1 	0 1 1 	1 1 1 	1 1 1 	
0 0 0 	0 0 0 	0 1 0 	0 0 0 	0 1 0 	0 1 0 	0 0 0 	

0 1 0 	0 1 0 	0 0 0 	0 1 0 	0 1 0 	0 1 0 	0 0 0 	
1 1 0 	0 3 0 	0 1 1 	0 1 0 	0 1 0 	0 1 1 	1 1 0 	
0 0 0 	0 1 0 	0 1 0 	0 1 0 	0 1 0 	0 1 0 	0 1 0 	

0 1 0 	0 0 0 	0 1 0 	0 0 0 	0 1 0 	0 1 0 	0 1 0 	
1 1 0 	0 1 1 	0 1 1 	1 3 1 	0 1 1 	1 1 0 	1 1 0 	
0 0 0 	0 1 0 	0 0 0 	0 1 0 	0 0 0 	0 0 0 	0 0 0 	

0 1 0 	0 0 0 	0 1 0 	0 0 0 	0 1 0 	0 1 0 	0 1 0 	
0 2 1 	1 1 0 	0 1 1 	0 1 1 	1 1 0 	0 1 1 	1 1 0 	
0 0 0 	0 1 0 	0 0 0 	0 1 0 	0 0 0 	0 0 0 	0 0 0 	

0 0 0 
1 1 1 
0 1 0 
tile.rotation : 3
tile.type : HALFCROSS
DFSList : 1 2 1 1 1 1 
player1 reachable item : 0
DFSList : 1 4 1 
player2 reachable item : 0
2번 회전, B1에 push했을 때 경우
0 0 0 	0 0 0 	0 1 0 	0 1 0 	0 1 0 	0 1 0 	0 0 0 	
0 1 1 	1 1 1 	0 1 0 	0 1 0 	1 1 0 	0 1 0 	1 4 0 	
0 1 0 	0 1 0 	0 1 0 	0 1 0 	0 0 0 	0 1 0 	0 1 0 	

0 0 0 	0 0 0 	0 1 0 	0 0 0 	0 1 0 	0 1 0 	0 0 0 	
1 1 1 	0 1 1 	1 3 1 	1 1 1 	1 5 1 	0 5 1 	0 1 1 	
0 0 0 	0 1 0 	0 0 0 	0 0 0 	0 0 0 	0 0 0 	0 1 0 	

0 1 0 	0 0 0 	0 1 0 	0 0 0 	0 0 0 	0 1 0 	0 0 0 	
0 1 0 	1 3 1 	1 5 0 	1 1 1 	1 5 0 	1 1 0 	1 1 0 	
0 1 0 	0 0 0 	0 0 0 	0 0 0 	0 1 0 	0 0 0 	0 1 0 	

0 1 0 	0 0 0 	0 1 0 	0 1 0 	0 0 0 	0 0 0 	0 0 0 	
1 1 1 	1 1 1 	0 1 0 	0 1 0 	0 1 1 	1 1 1 	1 1 1 	
0 0 0 	0 1 0 	0 1 0 	0 1 0 	0 1 0 	0 1 0 	0 0 0 	

0 1 0 	0 0 0 	0 0 0 	0 0 0 	0 1 0 	0 1 0 	0 0 0 	
1 1 0 	1 1 1 	0 1 1 	1 3 1 	0 1 0 	0 1 1 	1 1 0 	
0 0 0 	0 0 0 	0 1 0 	0 1 0 	0 1 0 	0 1 0 	0 1 0 	

0 1 0 	0 1 0 	0 1 0 	0 0 0 	0 1 0 	0 1 0 	0 1 0 	
1 1 0 	0 3 0 	0 1 1 	0 1 1 	0 1 1 	1 1 0 	1 1 0 	
0 0 0 	0 1 0 	0 0 0 	0 1 0 	0 0 0 	0 0 0 	0 0 0 	

0 1 0 	0 0 0 	0 1 0 	0 0 0 	0 1 0 	0 1 0 	0 1 0 	
0 2 1 	0 1 1 	0 1 1 	1 1 0 	1 1 0 	0 1 1 	1 1 0 	
0 0 0 	0 1 0 	0 0 0 	0 1 0 	0 0 0 	0 0 0 	0 0 0 	

0 1 0 
0 1 0 
0 1 0 
tile.rotation : 1
tile.type : STRAIGHT
DFSList : 1 2 1 
player1 reachable item : 0
DFSList : 1 4 1 
player2 reachable item : 0
2번 회전, B2에 push했을 때 경우
0 0 0 	0 0 0 	0 1 0 	0 1 0 	0 1 0 	0 1 0 	0 0 0 	
0 1 1 	1 1 1 	0 1 0 	0 1 0 	1 1 0 	0 5 1 	1 4 0 	
0 1 0 	0 1 0 	0 1 0 	0 1 0 	0 0 0 	0 0 0 	0 1 0 	

0 0 0 	0 0 0 	0 1 0 	0 1 0 	0 1 0 	0 1 0 	0 0 0 	
1 1 1 	0 1 1 	1 3 1 	0 1 0 	1 5 1 	1 1 0 	0 1 1 	
0 0 0 	0 1 0 	0 0 0 	0 1 0 	0 0 0 	0 0 0 	0 1 0 	

0 1 0 	0 0 0 	0 1 0 	0 0 0 	0 0 0 	0 0 0 	0 0 0 	
0 1 0 	1 3 1 	1 5 0 	1 1 1 	1 5 0 	1 1 1 	1 1 0 	
0 1 0 	0 0 0 	0 0 0 	0 0 0 	0 1 0 	0 1 0 	0 1 0 	

0 1 0 	0 0 0 	0 1 0 	0 0 0 	0 0 0 	0 1 0 	0 0 0 	
1 1 1 	1 1 1 	0 1 0 	1 1 1 	0 1 1 	0 1 1 	1 1 1 	
0 0 0 	0 1 0 	0 1 0 	0 0 0 	0 1 0 	0 1 0 	0 0 0 	

0 1 0 	0 0 0 	0 0 0 	0 1 0 	0 1 0 	0 1 0 	0 0 0 	
1 1 0 	1 1 1 	0 1 1 	0 1 0 	0 1 0 	1 1 0 	1 1 0 	
0 0 0 	0 0 0 	0 1 0 	0 1 0 	0 1 0 	0 0 0 	0 1 0 	

0 1 0 	0 1 0 	0 1 0 	0 0 0 	0 1 0 	0 1 0 	0 1 0 	
1 1 0 	0 3 0 	0 1 1 	1 3 1 	0 1 1 	0 1 1 	1 1 0 	
0 0 0 	0 1 0 	0 0 0 	0 1 0 	0 0 0 	0 0 0 	0 0 0 	

0 1 0 	0 0 0 	0 1 0 	0 0 0 	0 1 0 	0 0 0 	0 1 0 	
0 2 1 	0 1 1 	0 1 1 	0 1 1 	1 1 0 	1 1 0 	1 1 0 	
0 0 0 	0 1 0 	0 0 0 	0 1 0 	0 0 0 	0 1 0 	0 0 0 	

0 1 0 
0 1 0 
0 1 0 
tile.rotation : 1
tile.type : STRAIGHT
DFSList : 1 2 1 
player1 reachable item : 0
DFSList : 1 1 1 5 4 1 
player2 reachable item : 1
3번 회전, L0에 push했을 때 경우
0 0 0 	0 0 0 	0 1 0 	0 1 0 	0 1 0 	0 1 0 	0 0 0 	
0 1 1 	1 1 1 	0 1 0 	0 1 0 	1 1 0 	0 1 0 	1 4 0 	
0 1 0 	0 1 0 	0 1 0 	0 1 0 	0 0 0 	0 1 0 	0 1 0 	

0 1 0 	0 0 0 	0 0 0 	0 1 0 	0 1 0 	0 1 0 	0 1 0 	
1 1 0 	1 1 1 	0 1 1 	1 3 1 	0 1 0 	1 5 1 	0 5 1 	
0 0 0 	0 0 0 	0 1 0 	0 0 0 	0 1 0 	0 0 0 	0 0 0 	

0 1 0 	0 0 0 	0 1 0 	0 0 0 	0 0 0 	0 1 0 	0 0 0 	
0 1 0 	1 3 1 	1 5 0 	1 1 1 	1 5 0 	1 1 0 	1 1 0 	
0 1 0 	0 0 0 	0 0 0 	0 0 0 	0 1 0 	0 0 0 	0 1 0 	

0 1 0 	0 0 0 	0 1 0 	0 0 0 	0 0 0 	0 0 0 	0 0 0 	
1 1 1 	1 1 1 	0 1 0 	1 1 1 	0 1 1 	1 1 1 	1 1 1 	
0 0 0 	0 1 0 	0 1 0 	0 0 0 	0 1 0 	0 1 0 	0 0 0 	

0 1 0 	0 0 0 	0 0 0 	0 1 0 	0 1 0 	0 1 0 	0 0 0 	
1 1 0 	1 1 1 	0 1 1 	0 1 0 	0 1 0 	0 1 1 	1 1 0 	
0 0 0 	0 0 0 	0 1 0 	0 1 0 	0 1 0 	0 1 0 	0 1 0 	

0 1 0 	0 1 0 	0 1 0 	0 0 0 	0 1 0 	0 1 0 	0 1 0 	
1 1 0 	0 3 0 	0 1 1 	1 3 1 	0 1 1 	1 1 0 	1 1 0 	
0 0 0 	0 1 0 	0 0 0 	0 1 0 	0 0 0 	0 0 0 	0 0 0 	

0 1 0 	0 0 0 	0 1 0 	0 0 0 	0 1 0 	0 1 0 	0 1 0 	
0 2 1 	0 1 1 	0 1 1 	0 1 1 	1 1 0 	0 1 1 	1 1 0 	
0 0 0 	0 1 0 	0 0 0 	0 1 0 	0 0 0 	0 0 0 	0 0 0 	

0 0 0 
0 1 1 
0 1 0 
tile.rotation : 0
tile.type : CORNER
DFSList : 1 2 1 
player1 reachable item : 0
DFSList : 1 4 1 1 5 1 
player2 reachable item : 1
3번 회전, L1에 push했을 때 경우
0 0 0 	0 0 0 	0 1 0 	0 1 0 	0 1 0 	0 1 0 	0 0 0 	
0 1 1 	1 1 1 	0 1 0 	0 1 0 	1 1 0 	0 1 0 	1 4 0 	
0 1 0 	0 1 0 	0 1 0 	0 1 0 	0 0 0 	0 1 0 	0 1 0 	

0 0 0 	0 0 0 	0 1 0 	0 1 0 	0 1 0 	0 1 0 	0 0 0 	
1 1 1 	0 1 1 	1 3 1 	0 1 0 	1 5 1 	0 5 1 	0 1 1 	
0 0 0 	0 1 0 	0 0 0 	0 1 0 	0 0 0 	0 0 0 	0 1 0 	

0 1 0 	0 0 0 	0 1 0 	0 0 0 	0 0 0 	0 1 0 	0 0 0 	
0 1 0 	1 3 1 	1 5 0 	1 1 1 	1 5 0 	1 1 0 	1 1 0 	
0 1 0 	0 0 0 	0 0 0 	0 0 0 	0 1 0 	0 0 0 	0 1 0 	

0 1 0 	0 1 0 	0 0 0 	0 1 0 	0 0 0 	0 0 0 	0 0 0 	
1 1 0 	1 1 1 	1 1 1 	0 1 0 	1 1 1 	0 1 1 	1 1 1 	
0 0 0 	0 0 0 	0 1 0 	0 1 0 	0 0 0 	0 1 0 	0 1 0 	

0 1 0 	0 0 0 	0 0 0 	0 1 0 	0 1 0 	0 1 0 	0 0 0 	
1 1 0 	1 1 1 	0 1 1 	0 1 0 	0 1 0 	0 1 1 	1 1 0 	
0 0 0 	0 0 0 	0 1 0 	0 1 0 	0 1 0 	0 1 0 	0 1 0 	

0 1 0 	0 1 0 	0 1 0 	0 0 0 	0 1 0 	0 1 0 	0 1 0 	
1 1 0 	0 3 0 	0 1 1 	1 3 1 	0 1 1 	1 1 0 	1 1 0 	
0 0 0 	0 1 0 	0 0 0 	0 1 0 	0 0 0 	0 0 0 	0 0 0 	

0 1 0 	0 0 0 	0 1 0 	0 0 0 	0 1 0 	0 1 0 	0 1 0 	
0 2 1 	0 1 1 	0 1 1 	0 1 1 	1 1 0 	0 1 1 	1 1 0 	
0 0 0 	0 1 0 	0 0 0 	0 1 0 	0 0 0 	0 0 0 	0 0 0 	

0 0 0 
1 1 1 
0 0 0 
tile.rotation : 2
tile.type : STRAIGHT
DFSList : 1 2 1 
player1 reachable item : 0
DFSList : 1 4 1 
player2 reachable item : 0
3번 회전, L2에 push했을 때 경우
0 0 0 	0 0 0 	0 1 0 	0 1 0 	0 1 0 	0 1 0 	0 0 0 	
0 1 1 	1 1 1 	0 1 0 	0 1 0 	1 1 0 	0 1 0 	1 4 0 	
0 1 0 	0 1 0 	0 1 0 	0 1 0 	0 0 0 	0 1 0 	0 1 0 	

0 0 0 	0 0 0 	0 1 0 	0 1 0 	0 1 0 	0 1 0 	0 0 0 	
1 1 1 	0 1 1 	1 3 1 	0 1 0 	1 5 1 	0 5 1 	0 1 1 	
0 0 0 	0 1 0 	0 0 0 	0 1 0 	0 0 0 	0 0 0 	0 1 0 	

0 1 0 	0 0 0 	0 1 0 	0 0 0 	0 0 0 	0 1 0 	0 0 0 	
0 1 0 	1 3 1 	1 5 0 	1 1 1 	1 5 0 	1 1 0 	1 1 0 	
0 1 0 	0 0 0 	0 0 0 	0 0 0 	0 1 0 	0 0 0 	0 1 0 	

0 1 0 	0 0 0 	0 1 0 	0 0 0 	0 0 0 	0 0 0 	0 0 0 	
1 1 1 	1 1 1 	0 1 0 	1 1 1 	0 1 1 	1 1 1 	1 1 1 	
0 0 0 	0 1 0 	0 1 0 	0 0 0 	0 1 0 	0 1 0 	0 0 0 	

0 1 0 	0 0 0 	0 0 0 	0 1 0 	0 1 0 	0 1 0 	0 0 0 	
1 1 0 	1 1 1 	0 1 1 	0 1 0 	0 1 0 	0 1 1 	1 1 0 	
0 0 0 	0 0 0 	0 1 0 	0 1 0 	0 1 0 	0 1 0 	0 1 0 	

0 1 0 	0 1 0 	0 1 0 	0 1 0 	0 0 0 	0 1 0 	0 1 0 	
1 1 0 	1 1 0 	0 3 0 	0 1 1 	1 3 1 	0 1 1 	1 1 0 	
0 0 0 	0 0 0 	0 1 0 	0 0 0 	0 1 0 	0 0 0 	0 0 0 	

0 1 0 	0 0 0 	0 1 0 	0 0 0 	0 1 0 	0 1 0 	0 1 0 	
0 2 1 	0 1 1 	0 1 1 	0 1 1 	1 1 0 	0 1 1 	1 1 0 	
0 0 0 	0 1 0 	0 0 0 	0 1 0 	0 0 0 	0 0 0 	0 0 0 	

0 1 0 
1 1 0 
0 0 0 
tile.rotation : 2
tile.type : CORNER
DFSList : 1 2 1 
player1 reachable item : 0
DFSList : 1 4 1 
player2 reachable item : 0
3번 회전, R0에 push했을 때 경우
0 0 0 	0 0 0 	0 1 0 	0 1 0 	0 1 0 	0 1 0 	0 0 0 	
0 1 1 	1 1 1 	0 1 0 	0 1 0 	1 1 0 	0 1 0 	1 4 0 	
0 1 0 	0 1 0 	0 1 0 	0 1 0 	0 0 0 	0 1 0 	0 1 0 	

0 0 0 	0 1 0 	0 1 0 	0 1 0 	0 1 0 	0 0 0 	0 1 0 	
0 1 1 	1 3 1 	0 1 0 	1 5 1 	0 5 1 	0 1 1 	1 1 0 	
0 1 0 	0 0 0 	0 1 0 	0 0 0 	0 0 0 	0 1 0 	0 0 0 	

0 1 0 	0 0 0 	0 1 0 	0 0 0 	0 0 0 	0 1 0 	0 0 0 	
0 1 0 	1 3 1 	1 5 0 	1 1 1 	1 5 0 	1 1 0 	1 1 0 	
0 1 0 	0 0 0 	0 0 0 	0 0 0 	0 1 0 	0 0 0 	0 1 0 	

0 1 0 	0 0 0 	0 1 0 	0 0 0 	0 0 0 	0 0 0 	0 0 0 	
1 1 1 	1 1 1 	0 1 0 	1 1 1 	0 1 1 	1 1 1 	1 1 1 	
0 0 0 	0 1 0 	0 1 0 	0 0 0 	0 1 0 	0 1 0 	0 0 0 	

0 1 0 	0 0 0 	0 0 0 	0 1 0 	0 1 0 	0 1 0 	0 0 0 	
1 1 0 	1 1 1 	0 1 1 	0 1 0 	0 1 0 	0 1 1 	1 1 0 	
0 0 0 	0 0 0 	0 1 0 	0 1 0 	0 1 0 	0 1 0 	0 1 0 	

0 1 0 	0 1 0 	0 1 0 	0 0 0 	0 1 0 	0 1 0 	0 1 0 	
1 1 0 	0 3 0 	0 1 1 	1 3 1 	0 1 1 	1 1 0 	1 1 0 	
0 0 0 	0 1 0 	0 0 0 	0 1 0 	0 0 0 	0 0 0 	0 0 0 	

0 1 0 	0 0 0 	0 1 0 	0 0 0 	0 1 0 	0 1 0 	0 1 0 	
0 2 1 	0 1 1 	0 1 1 	0 1 1 	1 1 0 	0 1 1 	1 1 0 	
0 0 0 	0 1 0 	0 0 0 	0 1 0 	0 0 0 	0 0 0 	0 0 0 	

0 0 0 
1 1 1 
0 0 0 
tile.rotation : 0
tile.type : STRAIGHT
DFSList : 1 2 1 
player1 reachable item : 0
DFSList : 1 4 1 1 1 1 1 1 1 1 1 1 
player2 reachable item : 0
3번 회전, R1에 push했을 때 경우
0 0 0 	0 0 0 	0 1 0 	0 1 0 	0 1 0 	0 1 0 	0 0 0 	
0 1 1 	1 1 1 	0 1 0 	0 1 0 	1 1 0 	0 1 0 	1 4 0 	
0 1 0 	0 1 0 	0 1 0 	0 1 0 	0 0 0 	0 1 0 	0 1 0 	

0 0 0 	0 0 0 	0 1 0 	0 1 0 	0 1 0 	0 1 0 	0 0 0 	
1 1 1 	0 1 1 	1 3 1 	0 1 0 	1 5 1 	0 5 1 	0 1 1 	
0 0 0 	0 1 0 	0 0 0 	0 1 0 	0 0 0 	0 0 0 	0 1 0 	

0 1 0 	0 0 0 	0 1 0 	0 0 0 	0 0 0 	0 1 0 	0 0 0 	
0 1 0 	1 3 1 	1 5 0 	1 1 1 	1 5 0 	1 1 0 	1 1 0 	
0 1 0 	0 0 0 	0 0 0 	0 0 0 	0 1 0 	0 0 0 	0 1 0 	

0 0 0 	0 1 0 	0 0 0 	0 0 0 	0 0 0 	0 0 0 	0 1 0 	
1 1 1 	0 1 0 	1 1 1 	0 1 1 	1 1 1 	1 1 1 	1 1 0 	
0 1 0 	0 1 0 	0 0 0 	0 1 0 	0 1 0 	0 0 0 	0 0 0 	

0 1 0 	0 0 0 	0 0 0 	0 1 0 	0 1 0 	0 1 0 	0 0 0 	
1 1 0 	1 1 1 	0 1 1 	0 1 0 	0 1 0 	0 1 1 	1 1 0 	
0 0 0 	0 0 0 	0 1 0 	0 1 0 	0 1 0 	0 1 0 	0 1 0 	

0 1 0 	0 1 0 	0 1 0 	0 0 0 	0 1 0 	0 1 0 	0 1 0 	
1 1 0 	0 3 0 	0 1 1 	1 3 1 	0 1 1 	1 1 0 	1 1 0 	
0 0 0 	0 1 0 	0 0 0 	0 1 0 	0 0 0 	0 0 0 	0 0 0 	

0 1 0 	0 0 0 	0 1 0 	0 0 0 	0 1 0 	0 1 0 	0 1 0 	
0 2 1 	0 1 1 	0 1 1 	0 1 1 	1 1 0 	0 1 1 	1 1 0 	
0 0 0 	0 1 0 	0 0 0 	0 1 0 	0 0 0 	0 0 0 	0 0 0 	

0 1 0 
1 1 1 
0 0 0 
tile.rotation : 1
tile.type : HALFCROSS
DFSList : 1 2 1 
player1 reachable item : 0
DFSList : 1 4 1 
player2 reachable item : 0
3번 회전, R2에 push했을 때 경우
0 0 0 	0 0 0 	0 1 0 	0 1 0 	0 1 0 	0 1 0 	0 0 0 	
0 1 1 	1 1 1 	0 1 0 	0 1 0 	1 1 0 	0 1 0 	1 4 0 	
0 1 0 	0 1 0 	0 1 0 	0 1 0 	0 0 0 	0 1 0 	0 1 0 	

0 0 0 	0 0 0 	0 1 0 	0 1 0 	0 1 0 	0 1 0 	0 0 0 	
1 1 1 	0 1 1 	1 3 1 	0 1 0 	1 5 1 	0 5 1 	0 1 1 	
0 0 0 	0 1 0 	0 0 0 	0 1 0 	0 0 0 	0 0 0 	0 1 0 	

0 1 0 	0 0 0 	0 1 0 	0 0 0 	0 0 0 	0 1 0 	0 0 0 	
0 1 0 	1 3 1 	1 5 0 	1 1 1 	1 5 0 	1 1 0 	1 1 0 	
0 1 0 	0 0 0 	0 0 0 	0 0 0 	0 1 0 	0 0 0 	0 1 0 	

0 1 0 	0 0 0 	0 1 0 	0 0 0 	0 0 0 	0 0 0 	0 0 0 	
1 1 1 	1 1 1 	0 1 0 	1 1 1 	0 1 1 	1 1 1 	1 1 1 	
0 0 0 	0 1 0 	0 1 0 	0 0 0 	0 1 0 	0 1 0 	0 0 0 	

0 1 0 	0 0 0 	0 0 0 	0 1 0 	0 1 0 	0 1 0 	0 0 0 	
1 1 0 	1 1 1 	0 1 1 	0 1 0 	0 1 0 	0 1 1 	1 1 0 	
0 0 0 	0 0 0 	0 1 0 	0 1 0 	0 1 0 	0 1 0 	0 1 0 	

0 1 0 	0 1 0 	0 0 0 	0 1 0 	0 1 0 	0 1 0 	0 1 0 	
0 3 0 	0 1 1 	1 3 1 	0 1 1 	1 1 0 	1 1 0 	1 1 0 	
0 1 0 	0 0 0 	0 1 0 	0 0 0 	0 0 0 	0 0 0 	0 0 0 	

0 1 0 	0 0 0 	0 1 0 	0 0 0 	0 1 0 	0 1 0 	0 1 0 	
0 2 1 	0 1 1 	0 1 1 	0 1 1 	1 1 0 	0 1 1 	1 1 0 	
0 0 0 	0 1 0 	0 0 0 	0 1 0 	0 0 0 	0 0 0 	0 0 0 	

0 1 0 
1 1 0 
0 0 0 
tile.rotation : 2
tile.type : CORNER
DFSList : 1 1 3 1 2 1 
player1 reachable item : 1
DFSList : 1 4 1 
player2 reachable item : 0
3번 회전, T0에 push했을 때 경우
0 0 0 	0 1 0 	0 1 0 	0 1 0 	0 1 0 	0 1 0 	0 0 0 	
0 1 1 	1 1 0 	0 1 0 	0 1 0 	1 1 0 	0 1 0 	1 4 0 	
0 1 0 	0 0 0 	0 1 0 	0 1 0 	0 0 0 	0 1 0 	0 1 0 	

0 0 0 	0 0 0 	0 1 0 	0 1 0 	0 1 0 	0 1 0 	0 0 0 	
1 1 1 	1 1 1 	1 3 1 	0 1 0 	1 5 1 	0 5 1 	0 1 1 	
0 0 0 	0 1 0 	0 0 0 	0 1 0 	0 0 0 	0 0 0 	0 1 0 	

0 1 0 	0 0 0 	0 1 0 	0 0 0 	0 0 0 	0 1 0 	0 0 0 	
0 1 0 	0 1 1 	1 5 0 	1 1 1 	1 5 0 	1 1 0 	1 1 0 	
0 1 0 	0 1 0 	0 0 0 	0 0 0 	0 1 0 	0 0 0 	0 1 0 	

0 1 0 	0 0 0 	0 1 0 	0 0 0 	0 0 0 	0 0 0 	0 0 0 	
1 1 1 	1 3 1 	0 1 0 	1 1 1 	0 1 1 	1 1 1 	1 1 1 	
0 0 0 	0 0 0 	0 1 0 	0 0 0 	0 1 0 	0 1 0 	0 0 0 	

0 1 0 	0 0 0 	0 0 0 	0 1 0 	0 1 0 	0 1 0 	0 0 0 	
1 1 0 	1 1 1 	0 1 1 	0 1 0 	0 1 0 	0 1 1 	1 1 0 	
0 0 0 	0 1 0 	0 1 0 	0 1 0 	0 1 0 	0 1 0 	0 1 0 	

0 1 0 	0 0 0 	0 1 0 	0 0 0 	0 1 0 	0 1 0 	0 1 0 	
1 1 0 	1 1 1 	0 1 1 	1 3 1 	0 1 1 	1 1 0 	1 1 0 	
0 0 0 	0 0 0 	0 0 0 	0 1 0 	0 0 0 	0 0 0 	0 0 0 	

0 1 0 	0 1 0 	0 1 0 	0 0 0 	0 1 0 	0 1 0 	0 1 0 	
0 2 1 	0 3 0 	0 1 1 	0 1 1 	1 1 0 	0 1 1 	1 1 0 	
0 0 0 	0 1 0 	0 0 0 	0 1 0 	0 0 0 	0 0 0 	0 0 0 	

0 0 0 
0 1 1 
0 1 0 
tile.rotation : 0
tile.type : CORNER
DFSList : 1 2 1 
player1 reachable item : 0
DFSList : 1 4 1 
player2 reachable item : 0
3번 회전, T1에 push했을 때 경우
0 0 0 	0 0 0 	0 1 0 	0 1 0 	0 1 0 	0 1 0 	0 0 0 	
0 1 1 	1 1 1 	0 1 0 	1 1 0 	1 1 0 	0 1 0 	1 4 0 	
0 1 0 	0 1 0 	0 1 0 	0 0 0 	0 0 0 	0 1 0 	0 1 0 	

0 0 0 	0 0 0 	0 1 0 	0 1 0 	0 1 0 	0 1 0 	0 0 0 	
1 1 1 	0 1 1 	1 3 1 	0 1 0 	1 5 1 	0 5 1 	0 1 1 	
0 0 0 	0 1 0 	0 0 0 	0 1 0 	0 0 0 	0 0 0 	0 1 0 	

0 1 0 	0 0 0 	0 1 0 	0 1 0 	0 0 0 	0 1 0 	0 0 0 	
0 1 0 	1 3 1 	1 5 0 	0 1 0 	1 5 0 	1 1 0 	1 1 0 	
0 1 0 	0 0 0 	0 0 0 	0 1 0 	0 1 0 	0 0 0 	0 1 0 	

0 1 0 	0 0 0 	0 1 0 	0 0 0 	0 0 0 	0 0 0 	0 0 0 	
1 1 1 	1 1 1 	0 1 0 	1 1 1 	0 1 1 	1 1 1 	1 1 1 	
0 0 0 	0 1 0 	0 1 0 	0 0 0 	0 1 0 	0 1 0 	0 0 0 	

0 1 0 	0 0 0 	0 0 0 	0 0 0 	0 1 0 	0 1 0 	0 0 0 	
1 1 0 	1 1 1 	0 1 1 	1 1 1 	0 1 0 	0 1 1 	1 1 0 	
0 0 0 	0 0 0 	0 1 0 	0 0 0 	0 1 0 	0 1 0 	0 1 0 	

0 1 0 	0 1 0 	0 1 0 	0 1 0 	0 1 0 	0 1 0 	0 1 0 	
1 1 0 	0 3 0 	0 1 1 	0 1 0 	0 1 1 	1 1 0 	1 1 0 	
0 0 0 	0 1 0 	0 0 0 	0 1 0 	0 0 0 	0 0 0 	0 0 0 	

0 1 0 	0 0 0 	0 1 0 	0 0 0 	0 1 0 	0 1 0 	0 1 0 	
0 2 1 	0 1 1 	0 1 1 	1 3 1 	1 1 0 	0 1 1 	1 1 0 	
0 0 0 	0 1 0 	0 0 0 	0 1 0 	0 0 0 	0 0 0 	0 0 0 	

0 0 0 
0 1 1 
0 1 0 
tile.rotation : 0
tile.type : CORNER
DFSList : 1 2 1 
player1 reachable item : 0
DFSList : 1 4 1 
player2 reachable item : 0
3번 회전, T2에 push했을 때 경우
0 0 0 	0 0 0 	0 1 0 	0 1 0 	0 1 0 	0 1 0 	0 0 0 	
0 1 1 	1 1 1 	0 1 0 	0 1 0 	1 1 0 	1 1 0 	1 4 0 	
0 1 0 	0 1 0 	0 1 0 	0 1 0 	0 0 0 	0 0 0 	0 1 0 	

0 0 0 	0 0 0 	0 1 0 	0 1 0 	0 1 0 	0 1 0 	0 0 0 	
1 1 1 	0 1 1 	1 3 1 	0 1 0 	1 5 1 	0 1 0 	0 1 1 	
0 0 0 	0 1 0 	0 0 0 	0 1 0 	0 0 0 	0 1 0 	0 1 0 	

0 1 0 	0 0 0 	0 1 0 	0 0 0 	0 0 0 	0 1 0 	0 0 0 	
0 1 0 	1 3 1 	1 5 0 	1 1 1 	1 5 0 	0 5 1 	1 1 0 	
0 1 0 	0 0 0 	0 0 0 	0 0 0 	0 1 0 	0 0 0 	0 1 0 	

0 1 0 	0 0 0 	0 1 0 	0 0 0 	0 0 0 	0 1 0 	0 0 0 	
1 1 1 	1 1 1 	0 1 0 	1 1 1 	0 1 1 	1 1 0 	1 1 1 	
0 0 0 	0 1 0 	0 1 0 	0 0 0 	0 1 0 	0 0 0 	0 0 0 	

0 1 0 	0 0 0 	0 0 0 	0 1 0 	0 1 0 	0 0 0 	0 0 0 	
1 1 0 	1 1 1 	0 1 1 	0 1 0 	0 1 0 	1 1 1 	1 1 0 	
0 0 0 	0 0 0 	0 1 0 	0 1 0 	0 1 0 	0 1 0 	0 1 0 	

0 1 0 	0 1 0 	0 1 0 	0 0 0 	0 1 0 	0 1 0 	0 1 0 	
1 1 0 	0 3 0 	0 1 1 	1 3 1 	0 1 1 	0 1 1 	1 1 0 	
0 0 0 	0 1 0 	0 0 0 	0 1 0 	0 0 0 	0 1 0 	0 0 0 	

0 1 0 	0 0 0 	0 1 0 	0 0 0 	0 1 0 	0 1 0 	0 1 0 	
0 2 1 	0 1 1 	0 1 1 	0 1 1 	1 1 0 	1 1 0 	1 1 0 	
0 0 0 	0 1 0 	0 0 0 	0 1 0 	0 0 0 	0 0 0 	0 0 0 	

0 1 0 
0 1 1 
0 0 0 
tile.rotation : 3
tile.type : CORNER
DFSList : 1 2 1 
player1 reachable item : 0
DFSList : 1 4 1 
player2 reachable item : 0
3번 회전, B0에 push했을 때 경우
0 0 0 	0 0 0 	0 1 0 	0 1 0 	0 1 0 	0 1 0 	0 0 0 	
0 1 1 	0 1 1 	0 1 0 	0 1 0 	1 1 0 	0 1 0 	1 4 0 	
0 1 0 	0 1 0 	0 1 0 	0 1 0 	0 0 0 	0 1 0 	0 1 0 	

0 0 0 	0 0 0 	0 1 0 	0 1 0 	0 1 0 	0 1 0 	0 0 0 	
1 1 1 	1 3 1 	1 3 1 	0 1 0 	1 5 1 	0 5 1 	0 1 1 	
0 0 0 	0 0 0 	0 0 0 	0 1 0 	0 0 0 	0 0 0 	0 1 0 	

0 1 0 	0 0 0 	0 1 0 	0 0 0 	0 0 0 	0 1 0 	0 0 0 	
0 1 0 	1 1 1 	1 5 0 	1 1 1 	1 5 0 	1 1 0 	1 1 0 	
0 1 0 	0 1 0 	0 0 0 	0 0 0 	0 1 0 	0 0 0 	0 1 0 	

0 1 0 	0 0 0 	0 1 0 	0 0 0 	0 0 0 	0 0 0 	0 0 0 	
1 1 1 	1 1 1 	0 1 0 	1 1 1 	0 1 1 	1 1 1 	1 1 1 	
0 0 0 	0 0 0 	0 1 0 	0 0 0 	0 1 0 	0 1 0 	0 0 0 	

0 1 0 	0 1 0 	0 0 0 	0 1 0 	0 1 0 	0 1 0 	0 0 0 	
1 1 0 	0 3 0 	0 1 1 	0 1 0 	0 1 0 	0 1 1 	1 1 0 	
0 0 0 	0 1 0 	0 1 0 	0 1 0 	0 1 0 	0 1 0 	0 1 0 	

0 1 0 	0 0 0 	0 1 0 	0 0 0 	0 1 0 	0 1 0 	0 1 0 	
1 1 0 	0 1 1 	0 1 1 	1 3 1 	0 1 1 	1 1 0 	1 1 0 	
0 0 0 	0 1 0 	0 0 0 	0 1 0 	0 0 0 	0 0 0 	0 0 0 	

0 1 0 	0 1 0 	0 1 0 	0 0 0 	0 1 0 	0 1 0 	0 1 0 	
0 2 1 	1 1 0 	0 1 1 	0 1 1 	1 1 0 	0 1 1 	1 1 0 	
0 0 0 	0 0 0 	0 0 0 	0 1 0 	0 0 0 	0 0 0 	0 0 0 	

0 0 0 
1 1 1 
0 1 0 
tile.rotation : 3
tile.type : HALFCROSS
DFSList : 1 2 1 1 1 1 1 1 1 
player1 reachable item : 0
DFSList : 1 4 1 
player2 reachable item : 0
3번 회전, B1에 push했을 때 경우
0 0 0 	0 0 0 	0 1 0 	0 1 0 	0 1 0 	0 1 0 	0 0 0 	
0 1 1 	1 1 1 	0 1 0 	0 1 0 	1 1 0 	0 1 0 	1 4 0 	
0 1 0 	0 1 0 	0 1 0 	0 1 0 	0 0 0 	0 1 0 	0 1 0 	

0 0 0 	0 0 0 	0 1 0 	0 0 0 	0 1 0 	0 1 0 	0 0 0 	
1 1 1 	0 1 1 	1 3 1 	1 1 1 	1 5 1 	0 5 1 	0 1 1 	
0 0 0 	0 1 0 	0 0 0 	0 0 0 	0 0 0 	0 0 0 	0 1 0 	

0 1 0 	0 0 0 	0 1 0 	0 0 0 	0 0 0 	0 1 0 	0 0 0 	
0 1 0 	1 3 1 	1 5 0 	1 1 1 	1 5 0 	1 1 0 	1 1 0 	
0 1 0 	0 0 0 	0 0 0 	0 0 0 	0 1 0 	0 0 0 	0 1 0 	

0 1 0 	0 0 0 	0 1 0 	0 1 0 	0 0 0 	0 0 0 	0 0 0 	
1 1 1 	1 1 1 	0 1 0 	0 1 0 	0 1 1 	1 1 1 	1 1 1 	
0 0 0 	0 1 0 	0 1 0 	0 1 0 	0 1 0 	0 1 0 	0 0 0 	

0 1 0 	0 0 0 	0 0 0 	0 0 0 	0 1 0 	0 1 0 	0 0 0 	
1 1 0 	1 1 1 	0 1 1 	1 3 1 	0 1 0 	0 1 1 	1 1 0 	
0 0 0 	0 0 0 	0 1 0 	0 1 0 	0 1 0 	0 1 0 	0 1 0 	

0 1 0 	0 1 0 	0 1 0 	0 0 0 	0 1 0 	0 1 0 	0 1 0 	
1 1 0 	0 3 0 	0 1 1 	0 1 1 	0 1 1 	1 1 0 	1 1 0 	
0 0 0 	0 1 0 	0 0 0 	0 1 0 	0 0 0 	0 0 0 	0 0 0 	

0 1 0 	0 0 0 	0 1 0 	0 1 0 	0 1 0 	0 1 0 	0 1 0 	
0 2 1 	0 1 1 	0 1 1 	1 1 0 	1 1 0 	0 1 1 	1 1 0 	
0 0 0 	0 1 0 	0 0 0 	0 0 0 	0 0 0 	0 0 0 	0 0 0 	

0 1 0 
0 1 0 
0 1 0 
tile.rotation : 1
tile.type : STRAIGHT
DFSList : 1 2 1 
player1 reachable item : 0
DFSList : 1 4 1 
player2 reachable item : 0
3번 회전, B2에 push했을 때 경우
0 0 0 	0 0 0 	0 1 0 	0 1 0 	0 1 0 	0 1 0 	0 0 0 	
0 1 1 	1 1 1 	0 1 0 	0 1 0 	1 1 0 	0 5 1 	1 4 0 	
0 1 0 	0 1 0 	0 1 0 	0 1 0 	0 0 0 	0 0 0 	0 1 0 	

0 0 0 	0 0 0 	0 1 0 	0 1 0 	0 1 0 	0 1 0 	0 0 0 	
1 1 1 	0 1 1 	1 3 1 	0 1 0 	1 5 1 	1 1 0 	0 1 1 	
0 0 0 	0 1 0 	0 0 0 	0 1 0 	0 0 0 	0 0 0 	0 1 0 	

0 1 0 	0 0 0 	0 1 0 	0 0 0 	0 0 0 	0 0 0 	0 0 0 	
0 1 0 	1 3 1 	1 5 0 	1 1 1 	1 5 0 	1 1 1 	1 1 0 	
0 1 0 	0 0 0 	0 0 0 	0 0 0 	0 1 0 	0 1 0 	0 1 0 	

0 1 0 	0 0 0 	0 1 0 	0 0 0 	0 0 0 	0 1 0 	0 0 0 	
1 1 1 	1 1 1 	0 1 0 	1 1 1 	0 1 1 	0 1 1 	1 1 1 	
0 0 0 	0 1 0 	0 1 0 	0 0 0 	0 1 0 	0 1 0 	0 0 0 	

0 1 0 	0 0 0 	0 0 0 	0 1 0 	0 1 0 	0 1 0 	0 0 0 	
1 1 0 	1 1 1 	0 1 1 	0 1 0 	0 1 0 	1 1 0 	1 1 0 	
0 0 0 	0 0 0 	0 1 0 	0 1 0 	0 1 0 	0 0 0 	0 1 0 	

0 1 0 	0 1 0 	0 1 0 	0 0 0 	0 1 0 	0 1 0 	0 1 0 	
1 1 0 	0 3 0 	0 1 1 	1 3 1 	0 1 1 	0 1 1 	1 1 0 	
0 0 0 	0 1 0 	0 0 0 	0 1 0 	0 0 0 	0 0 0 	0 0 0 	

0 1 0 	0 0 0 	0 1 0 	0 0 0 	0 1 0 	0 1 0 	0 1 0 	
0 2 1 	0 1 1 	0 1 1 	0 1 1 	1 1 0 	1 1 0 	1 1 0 	
0 0 0 	0 1 0 	0 0 0 	0 1 0 	0 0 0 	0 0 0 	0 0 0 	

0 1 0 
0 1 0 
0 1 0 
tile.rotation : 1
tile.type : STRAIGHT
DFSList : 1 2 1 
player1 reachable item : 0
DFSList : 1 1 1 5 4 1 
player2 reachable item : 1
4 9
======================== 확률 표======================= 
0L0 확률 :  0.00 %		11.11 %
0L1 확률 :  0.00 %		 0.00 %
0L2 확률 :  0.00 %		 0.00 %
0R0 확률 :  0.00 %		 0.00 %
0R1 확률 :  0.00 %		 0.00 %
0R2 확률 : 25.00 %		 0.00 %
0T0 확률 :  0.00 %		 0.00 %
0T1 확률 :  0.00 %		 0.00 %
0T2 확률 :  0.00 %		 0.00 %
0B0 확률 :  0.00 %		 0.00 %
0B1 확률 :  0.00 %		 0.00 %
0B2 확률 :  0.00 %		11.11 %
1L0 확률 :  0.00 %		11.11 %
1L1 확률 :  0.00 %		 0.00 %
1L2 확률 :  0.00 %		 0.00 %
1R0 확률 :  0.00 %		 0.00 %
1R1 확률 :  0.00 %		 0.00 %
1R2 확률 : 25.00 %		 0.00 %
1T0 확률 :  0.00 %		 0.00 %
1T1 확률 :  0.00 %		 0.00 %
1T2 확률 :  0.00 %		11.11 %
1B0 확률 :  0.00 %		 0.00 %
1B1 확률 :  0.00 %		 0.00 %
1B2 확률 :  0.00 %		11.11 %
2L0 확률 :  0.00 %		11.11 %
2L1 확률 :  0.00 %		 0.00 %
2L2 확률 :  0.00 %		 0.00 %
2R0 확률 :  0.00 %		 0.00 %
2R1 확률 :  0.00 %		 0.00 %
2R2 확률 : 25.00 %		 0.00 %
2T0 확률 :  0.00 %		 0.00 %
2T1 확률 :  0.00 %		 0.00 %
2T2 확률 :  0.00 %		 0.00 %
2B0 확률 :  0.00 %		 0.00 %
2B1 확률 :  0.00 %		 0.00 %
2B2 확률 :  0.00 %		11.11 %
3L0 확률 :  0.00 %		11.11 %
3L1 확률 :  0.00 %		 0.00 %
3L2 확률 :  0.00 %		 0.00 %
3R0 확률 :  0.00 %		 0.00 %
3R1 확률 :  0.00 %		 0.00 %
3R2 확률 : 25.00 %		 0.00 %
3T0 확률 :  0.00 %		 0.00 %
3T1 확률 :  0.00 %		 0.00 %
3T2 확률 :  0.00 %		 0.00 %
3B0 확률 :  0.00 %		 0.00 %
3B1 확률 :  0.00 %		 0.00 %
3B2 확률 :  0.00 %		11.11 %
====================== p1 선택지 ====================== 
0R2
1R2
2R2
3R2
====================== p2 선택지 ====================== 
0L0
0B2
1L0
1T2
1B2
2L0
2B2
3L0
3B2
====================================================== 
p1 선택 : 0R2
p2 선택 : 3B2
====================== 최종 선택 ====================== 
0R2
